Pos	A	C	G	T
1	0.277364904003871	0.203432444615731	0.18042839262468	0.338774258755717
2	0.315329620704577	0.207186324492126	0.121950900256372	0.355533154546925
3	0.339973710102442	0.184725010865673	0.114304768784153	0.360996510247732
4	0.350296712105465	0.000353023922714841	0.295533011381258	0.353817252590562
5	0.085590514725559	0.41140349290082	0.000516631444802867	0.502489360928818
6	0.236370091313018	0.263854749440182	0.241145083898973	0.258630075347826
7	0.234363629084444	0.297934564327765	0.251356909578523	0.216344897009267
8	0.226208039844077	0.242609973395385	0.293376012706592	0.237805974053946
9	0.238042547218623	0.242851325655002	0.273814105072343	0.245292022054032
