Pos	A	C	G	T
1	0.271438885974699	0.238349245553783	0.151978188894452	0.338233679577067
2	0.288252978275921	0.248101637636649	0.121977730539246	0.341667653548184
3	0.315165220182611	0.189255321331352	0.0949259401342736	0.400653518351764
4	0.313205328158961	0.186207003340602	0.082011458573262	0.418576209927175
5	0.360097158466951	0.186116696921057	0.0139624820696732	0.439823662542319
6	0.246081889969096	0.349206824331	0.0887358844063689	0.315975401293535
7	0.181569643520515	0.388246051054172	0.121709771811567	0.308474533613746
8	0.202365301821926	0.267755563810594	0.149915902831033	0.379963231536447
9	0.273139724034537	0.149902258844854	0.487838044042371	0.0891199730782384
10	0.196581569196278	0.290347202115093	0.0799241017115513	0.433147126977078
