Pos	A	C	G	T
1	0.123106937815237	0.305837339583398	0.509308228650043	0.0617474939513211
2	0.00467931420951154	0.975696487239664	0.000265312092937717	0.0193588864578867
3	0.00720073779399422	0.79170075939043	0.00192357126540435	0.199174931550172
4	0.0697207601251223	0.161498866327	0.182089463313641	0.586690910234237
5	0.168603478456712	0.444766611749864	0.272475765632486	0.114154144160938
6	0.254244304297271	0.225494469404755	0.449571826260281	0.0706894000376936
7	0.172709842959154	0.012324793663944	0.813717275128992	0.00124808824790943
8	0.00975344933072718	0.000243563156757931	0.989916898974391	8.60885381238705e-05
9	0.0588715403894892	0.526029759576138	0.325498478847876	0.0896002211864971
10	0.255082737204149	0.150142966810958	0.400049365035052	0.194724930949842
