Pos	A	C	G	T
1	0.265914393082736	0.195034102232972	0.183676200324318	0.355375304359974
2	0.313503659129181	0.192060616271823	0.115331550945122	0.379104173653874
3	0.350264269680239	0.162176934245527	0.0926369347970189	0.394921861277215
4	0.419021711265016	0.014410004697646	0.216571930672457	0.349996353364881
5	0.053424192990175	0.343182952887118	0.00856996540571179	0.594822888716995
6	0.232056545990514	0.256462145973469	0.225198238588329	0.286283069447688
7	0.226755429621002	0.294085938977388	0.240777202296735	0.238381429104875
8	0.225504154707669	0.237065999954878	0.275431396527222	0.26199844881023
9	0.241653875714306	0.236868808375398	0.249013331875984	0.272463984034312
