Pos	A	C	G	T
1	0.194865618940355	0.242817513344063	0.404361866915698	0.157955000799883
2	0.0784624707406362	0.056408532402295	0.40448733690471	0.460641659952359
3	0.00025341226039322	0.999507212370284	0.000143311079744512	9.60642895782472e-05
4	0.852073824049433	0.0278734095485571	0.0561301539382051	0.0639226124638049
5	0.0057512970855798	0.924659358505799	0.0230905954034053	0.0464987490052161
6	0.0791881122287981	0.0243328232427187	0.890538369172199	0.00594069535628416
7	0.0864154533191234	0.146814005594637	0.0955038458790061	0.671266695207234
8	0.0262597805776219	0.029607819923834	0.786850691998771	0.157281707499773
9	0.323863922076392	0.284383430221536	0.092788567224428	0.298964080477644
