Pos	A	C	G	T
1	0.511269950130131	0.0955991126054072	0.297531824659054	0.0955991126054072
2	0.846923220190846	0.0227365763137039	0.107603627181746	0.0227365763137039
3	9.70042187134718e-05	0.99970898734386	9.70042187134718e-05	9.70042187134718e-05
4	0.99970898734386	9.70042187134718e-05	9.70042187134718e-05	9.70042187134718e-05
5	9.70042187134718e-05	0.0789449433155848	0.920861048246988	9.70042187134718e-05
6	9.70042187134718e-05	0.715729137060171	0.18237375143445	0.101800107286666
7	9.70042187134718e-05	9.70042187134718e-05	9.70042187134718e-05	0.99970898734386
8	9.70042187134718e-05	9.70042187134718e-05	0.99970898734386	9.70042187134718e-05
9	0.245056179993268	0.235843689342049	0.154497891613306	0.364602239051376
10	0.22736042790501	0.317918716284971	0.22736042790501	0.22736042790501
