Pos	A	C	G	T
1	0.231161192204712	0.231161192204712	0.231161192204712	0.306516427939524
2	0.371910026613939	0.209363325979907	0.209363325979907	0.209363325979907
3	0.248073936372366	0.578807655041609	0.0865592065698435	0.0865592065698435
4	0.272433796152154	0.639677496474195	0.0439443559636558	0.0439443559636558
5	0.868166936662694	0.0439443559636558	0.0439443559636558	0.0439443559636558
6	0.000121514403387792	0.000121514403387792	0.000121514403387792	0.999635461343498
7	0.999635461343498	0.000121514403387792	0.000121514403387792	0.000121514403387792
8	0.000121514403387792	0.000121514403387792	0.000121514403387792	0.999635461343498
9	0.0189603233370904	0.0189603233370904	0.202060532124853	0.760018825754628
10	0.0407581895618957	0.0407581895618957	0.79606039325009	0.12242323217978
11	0.16356230897196	0.16356230897196	0.245227351589843	0.427648035019899
12	0.299803483201335	0.287842202196031	0.206177159578147	0.206177159578147
13	0.287842202196031	0.299803483201335	0.206177159578147	0.206177159578147
