Pos	A	C	G	T
1	0.212550681475318	0.293419932193516	0.212550681475318	0.281478711641573
2	0.467446598158418	0.0782247261403827	0.301873716292931	0.152454966193993
3	0.000178228707497533	0.92223061316432	0.000178228707497533	0.0774129362064103
4	0.931659925640112	0.000178228707497533	0.0679836237306198	0.000178228707497533
5	0.0711323979920647	0.0691062588737527	0.714543018690376	0.145218331229533
6	0.136911653896875	0.714543018690376	0.0774129362064103	0.0711323979920647
7	0.000178228707497533	0.0691062588737527	0.000178228707497533	0.930537290496979
8	0.136911653896875	0.000178228707497533	0.862731895473857	0.000178228707497533
9	0.250617353289911	0.674127555638593	0.0376275489286109	0.0376275489286109
10	0.239758899286668	0.171953504263546	0.305520994268548	0.282766608966963
