Pos	A	C	G	T
1	0.243428990440329	0.306379729773421	0.338601967227742	0.111589312558507
2	0.0656145243848176	0.919469689419127	0.00853177202359808	0.00638401417245714
3	0.899229219061763	0.0306164661495101	0.0334997499182159	0.0366545648705105
4	0.0641955946920969	0.211016132866769	0.70763936286436	0.0171489095767734
5	0.170139570309996	0.146440485275055	0.683084862715156	0.000335081699793019
6	0.0488691290157849	0.0268199466523605	0.00910793388283872	0.915202990449016
7	0.0669592382234765	0.0112918818799179	0.892551351852533	0.0291975280440731
8	0.0915353971758692	0.316310950917097	0.239062673958846	0.353090977948188
9	0.218368088309013	0.209805753096599	0.258832754438797	0.312993404155591
10	0.260006260508451	0.287351357626689	0.21501455201682	0.23762782984804
