Pos	A	C	G	T
1	0.292098523127083	0.172425674800659	0.3630501272716	0.172425674800659
2	0.599353466804368	0.0744819082795644	0.251682716636504	0.0744819082795644
3	5.44128257559846e-05	0.999836761522732	5.44128257559846e-05	5.44128257559846e-05
4	0.999836761522732	5.44128257559846e-05	5.44128257559846e-05	5.44128257559846e-05
5	5.44128257559846e-05	5.44128257559846e-05	0.999836761522732	5.44128257559846e-05
6	5.44128257559846e-05	0.450762378101667	0.549128796246821	5.44128257559846e-05
7	5.44128257559846e-05	5.44128257559846e-05	5.44128257559846e-05	0.999836761522732
8	5.44128257559846e-05	5.44128257559846e-05	0.999836761522732	5.44128257559846e-05
9	0.0776287380250974	0.0776287380250974	0.0776287380250974	0.767113785924708
10	0.175572504546192	0.265395564919398	0.175572504546192	0.383459425988219
