Pos	A	C	G	T
1	0.473967186623869	0.175344271125377	0.175344271125377	0.175344271125377
2	0.862571911714711	0.045809362761763	0.045809362761763	0.045809362761763
3	8.83029497600367e-05	0.99973509115072	8.83029497600367e-05	8.83029497600367e-05
4	0.99973509115072	8.83029497600367e-05	8.83029497600367e-05	8.83029497600367e-05
5	8.83029497600367e-05	0.488039806969752	0.384807477493786	0.127064412586702
6	0.289584225561055	0.384807477493786	0.325519993995399	8.83029497600367e-05
7	8.83029497600367e-05	8.83029497600367e-05	8.83029497600367e-05	0.99973509115072
8	8.83029497600367e-05	8.83029497600367e-05	0.99973509115072	8.83029497600367e-05
9	0.154624646236308	0.155597744742663	0.0747440318243831	0.615033577196646
10	0.204278940187997	0.387163179436009	0.204278940187997	0.204278940187997
