Pos	A	C	G	T
1	0.202007154210735	0.202007154210735	0.298927524150405	0.297058178630239
2	0.566456590902451	0.187665065288333	0.17218147539991	0.0736968796114198
3	0.000226429631976447	0.918447045722639	0.000226429631976447	0.0811001062155235
4	0.999320722306185	0.000226429631976447	0.000226429631976447	0.000226429631976447
5	0.000226429631976447	0.918447045722639	0.000226429631976447	0.0811001062155235
6	0.000226429631976447	0.000226429631976447	0.918447045722639	0.0811001062155235
7	0.000226429631976447	0.000226429631976447	0.000226429631976447	0.999320722306185
8	0.000226429631976447	0.000226429631976447	0.999320722306185	0.000226429631976447
9	0.0482192782217707	0.420346747420406	0.377248896449597	0.15418508911034
10	0.257403229404632	0.292754176508302	0.176529552821085	0.273313052468095
