Pos	A	C	G	T
1	0.250583265912718	0.381378097173468	0.193212624566321	0.174826012347494
2	0.013384386176941	0.986426499319974	0.000150181430015317	3.89330730702192e-05
3	0.917989489057373	0.0331879195684814	0.0401324783839796	0.00869011299016558
4	0.00838996067016508	0.398232430920659	0.570798257035748	0.0225793513734279
5	0.0461796081208941	0.31498918901861	0.627998838876867	0.0108323639836293
6	0.00116676785841228	0.022070401480848	6.30909783014946e-06	0.97675652156291
7	0.0598282578304362	0.0140339316788719	0.881370504842287	0.0447673056484048
8	0.176479571784801	0.217718975733748	0.308957933158464	0.296843519322987
9	0.272825969580211	0.167140389997622	0.206197432065367	0.3538362083568
