Pos	A	C	G	T
1	0.326220169596818	0.224593276801061	0.224593276801061	0.224593276801061
2	0.250794946281373	0.149068724001025	0.451067605716577	0.149068724001025
3	4.13872852465503e-05	0.99987583814426	4.13872852465503e-05	4.13872852465503e-05
4	0.99987583814426	4.13872852465503e-05	4.13872852465503e-05	4.13872852465503e-05
5	4.13872852465503e-05	0.99987583814426	4.13872852465503e-05	4.13872852465503e-05
6	4.13872852465503e-05	4.13872852465503e-05	0.99987583814426	4.13872852465503e-05
7	4.13872852465503e-05	4.13872852465503e-05	4.13872852465503e-05	0.99987583814426
8	4.13872852465503e-05	4.13872852465503e-05	0.99987583814426	4.13872852465503e-05
9	0.122353127906163	0.223611259990373	0.12298883660755	0.531046775495913
10	0.100972663284222	0.496473285955928	0.200193299315744	0.202360751444106
