Pos	A	C	G	T
1	0.167232449012485	0.167232449012485	0.427986113229097	0.237548996149426
2	0.0728096727553075	0.711254442000633	0.0728096727553075	0.143126219892248
3	0.841244865935841	0.0529183804892183	0.0529183804892183	0.0529183804892183
4	0.0529183804892183	0.770928318798901	0.0529183804892183	0.123234927626159
5	0.0359111582309269	0.0359111582309269	0.75392109654061	0.174256594401033
6	0.000157832143936602	0.0695550024077128	0.000157832143936602	0.93012934070791
7	0.000157832143936602	0.000157832143936602	0.718167770453619	0.281516572662003
8	0.000157832143936602	0.396723498665518	0.000157832143936602	0.602960844450104
9	0.0829253849823245	0.681826682192746	0.152322555246101	0.0829253849823245
10	0.177348161239503	0.244577777099416	0.332697018791909	0.245377050272669
11	0.264469069365505	0.197239453505592	0.197239453505592	0.341052031026805
12	0.264469069365505	0.197239453505592	0.197239453505592	0.341052031026805
13	0.357259980111845	0.214246675763883	0.214246675763883	0.214246675763883
