Pos	A	C	G	T
1	0.190878892683649	0.157849043786803	0.0947876529218826	0.556484410607666
2	0.170856230047611	0.539596934207896	0.219383741971318	0.0701630937731749
3	0.419429156577858	2.1256227610118e-05	0.440933749283953	0.139615837910578
4	0.0690440700884988	0.466260736169259	0.306355133926368	0.158340059815874
5	0.213179533305521	0.144334668536319	0.615315220328594	0.0271705778295659
6	0.0982555948447777	0.190104171696599	2.13381737030406e-07	0.711640020076886
7	6.89913532476417e-05	0.0971470588732669	0.817479561247626	0.0853043885258592
8	0.643167882804685	0.0601238008273665	0.136511079991463	0.160197236376486
9	0.0014157938588076	0.316616228184248	0.110795970242506	0.571172007714439
