Pos	A	C	G	T
1	0.260002077529966	0.18139729423297	0.311279001657156	0.247321626579908
2	0.577516174326704	0.12135697995988	0.289668292574608	0.0114585531388078
3	1.88808581870526e-05	0.0557230192847083	5.85999420514073e-06	0.944252239862899
4	0.0745952720063926	0.0610734432279134	0.579448695743112	0.284882589022583
5	0.852748373824139	0.0059802628099924	0.140958358168743	0.00031300519712528
6	6.63436120084805e-05	0.834716543517982	2.77947590377207e-05	0.165189318110972
7	0.169554161891997	0.0754275365896429	0.69448628551892	0.06053201599944
8	0.133119894726904	0.126627560851737	0.0874660034906309	0.652786540930728
9	0.371994287614742	0.440926633760559	0.102399158878932	0.0846799197457673
10	0.527112907557447	0.119990763823637	0.170274999062977	0.182621329555938
