Pos	A	C	G	T
1	0.231875867494573	0.201583195001415	0.288935122859016	0.277605814644996
2	0.445882445953097	0.170725216564301	0.31736589248844	0.0660264449941617
3	0.064153426542828	0.0421518048931937	0.047053135431659	0.846641633132319
4	0.0271768406619788	0.0552774563374726	0.142931452771283	0.774614250229266
5	0.304859395068564	0.000145126525387157	0.492675464598381	0.202320013807668
6	0.0875813113423858	0.673553638427597	0.0776776549056242	0.161187395324393
7	0.302454820024328	0.164339089332919	0.376881913272308	0.156324177370444
8	0.234879880209162	0.313899928280282	0.134165516503885	0.317054675006671
9	0.391735697915894	0.28162809047995	0.160868517931795	0.165767693672361
10	0.46612961499786	0.183913169140376	0.171479502307831	0.178477713553933
