Pos	A	C	G	T
1	0.221238069043828	0.221238069043828	0.221238069043828	0.336285792488607
2	0.38231145226515	0.205896182451647	0.205896182451647	0.205896182451647
3	0.0217935433423073	0.0217935433423073	0.0217935433423073	0.934619369593168
4	1.26636596924921e-05	1.26636596924921e-05	1.26636596924921e-05	0.999962008641013
5	0.117688547544895	1.26636596924921e-05	0.825714971192758	0.0565838172227454
6	1.26636596924921e-05	0.999962008641013	1.26636596924921e-05	1.26636596924921e-05
7	1.26636596924921e-05	1.26636596924921e-05	0.999962008641013	1.26636596924921e-05
8	0.0856906941466529	0.43116238450755	1.26636596924921e-05	0.483134257306195
9	0.843898556261621	0.0985522543166946	0.0287745945208873	0.0287745945208873
10	0.867650556280885	0.0441164811130684	0.0441164811130684	0.0441164811130684
11	0.228219120222408	0.228219120222408	0.228219120222408	0.315342638952867
