Pos	A	C	G	T
1	0.345951728229921	0.155446131701114	0.19177048217801	0.306831657890955
2	0.331335307995053	0.187378545428585	0.156511717258829	0.324774429317533
3	0.286885524665426	0.186621642952882	0.206248812471539	0.320244019910154
4	0.152732684370764	0.259482492036306	0.049337736403815	0.538447087189115
5	0.0918819153661514	0.101545220758044	0.720902733826271	0.0856701300495337
6	0.185856943595896	0.661809173693074	0.0173740420781181	0.134959840632912
7	0.175814052762344	0.143944371824668	0.0847263726208118	0.595515202792176
8	0.158101378604866	0.0587467871178414	0.530190546589924	0.252961287687368
9	0.617572059945995	0.127204465729909	0.117424521650244	0.137798952673851
10	0.145217538331683	0.402716516867839	0.24182948791464	0.210236456885839
