Pos	A	C	G	T
1	0.225797160657747	0.225797160657747	0.225797160657747	0.322608518026759
2	0.400671024410173	0.199776325196609	0.199776325196609	0.199776325196609
3	0.250544377489531	0.448493514452048	0.15048105402921	0.15048105402921
4	0.851835359003166	0.0493882136656113	0.0493882136656113	0.0493882136656113
5	0.121696455928914	0.0252854662445103	0.0252854662445103	0.827732611582065
6	0.895320192013073	0.000408538453681953	0.103862731079563	0.000408538453681953
7	0.205396792973139	0.096819528138086	0.000408538453681953	0.697375140435094
8	0.998774384638954	0.000408538453681953	0.000408538453681953	0.000408538453681953
9	0.72559391277704	0.024611377795935	0.024611377795935	0.22518333163109
10	0.147749974466347	0.0506322132570728	0.149523031355326	0.652094780921254
11	0.700217546726586	0.0999274844244715	0.0999274844244715	0.0999274844244715
12	0.201020324788071	0.201020324788071	0.201020324788071	0.396939025635788
13	0.225123072209172	0.225123072209172	0.225123072209172	0.324630783372485
