Pos	A	C	G	T
1	0.354215807364303	0.15291869162579	0.275863548163236	0.217001952846671
2	0.273080276115636	0.219152054943724	0.237404586971721	0.270363081968919
3	0.324375653099524	0.230880963316237	0.237912335451567	0.206831048132673
4	0.146141764599381	0.133563516139971	0.0718497505806069	0.64844496868004
5	0.921356234136325	0.00066089966280406	5.00790137298312e-05	0.0779327871871408
6	0.560081954381488	0.0293145248139542	0.390755920255315	0.0198476005492419
7	0.0735829046347951	0.827502993165094	0.0142736149568973	0.0846404872432137
8	0.0909709343173302	0.0328036586232972	0.788821494096872	0.0874039129625009
9	0.0689162437387506	0.0495455232455283	0.759675909915642	0.121862323100079
10	0.288943826608145	0.170073772314657	0.211924970156637	0.32905743092056
