Pos	A	C	G	T
1	0.319197924829351	0.226934025056883	0.226934025056883	0.226934025056883
2	0.511931680497991	0.129121860415349	0.229824598671312	0.129121860415349
3	0.28935790556935	0.0923724733050727	0.000157352945804498	0.618112268179773
4	0.0924212527182721	0.288032993765676	0.000157352945804498	0.619388400570247
5	0.999527941162586	0.000157352945804498	0.000157352945804498	0.000157352945804498
6	0.999527941162586	0.000157352945804498	0.000157352945804498	0.000157352945804498
7	0.0924212527182721	0.000157352945804498	0.000157352945804498	0.907264041390119
8	0.000157352945804498	0.000157352945804498	0.000157352945804498	0.999527941162586
9	0.821262395478306	0.0232233278889214	0.132290948743851	0.0232233278889214
10	0.238782701875962	0.31140738048257	0.230103113385386	0.219706804256082
