Pos	A	C	G	T
1	0.288751546563379	0.216062262385924	0.191630036117304	0.303556154933393
2	0.326766490025469	0.126374006803359	0.257043625127378	0.289815878043795
3	0.24412245941691	0.000193528591730654	0.726087101440392	0.0295969105509679
4	0.00507486766245012	0.00853606772605428	0.9574758007224	0.0289132638890951
5	0.0162969805665091	0.00010136573644523	0.983364493670912	0.000237160026133199
6	0.0717913132538405	0.730525021390157	0.000573362850480338	0.197110302505522
7	0.0985380528330868	0.000208137324703376	0.889307256696165	0.0119465531460454
8	0.0920257056689399	0.0401277432858014	0.451270955431395	0.416575595613864
9	0.343425665902272	0.117797928525956	0.301560508096257	0.237215897475516
10	0.298706827639189	0.17407088179479	0.262293100540506	0.264929190025515
