Pos	A	C	G	T
1	0.324393968501653	0.225202010499449	0.225202010499449	0.225202010499449
2	0.324393968501653	0.225202010499449	0.225202010499449	0.225202010499449
3	0.525515464927998	0.125097525689933	0.125097525689933	0.224289483692136
4	0.0976393882247776	0.0986273871740486	0.000392063075107523	0.803341161526066
5	0.606419640791811	0.195498331771615	0.000392063075107523	0.197689964361466
6	0.90096486722784	0.000392063075107523	0.000392063075107523	0.0982510066219453
7	0.204433449253316	0.000392063075107523	0.000392063075107523	0.794782424596469
8	0.998823810774678	0.000392063075107523	0.000392063075107523	0.000392063075107523
9	0.125044597174793	0.129988512551899	0.0251900525756584	0.719776837697649
10	0.724360055045656	0.0251900525756584	0.0251900525756584	0.225259839803027
11	0.222541862534845	0.125294537385175	0.125294537385175	0.526869062694806
