Pos	A	C	G	T
1	0.224194886035373	0.224194886035373	0.224194886035373	0.327415341893881
2	0.199549918929497	0.298129787353001	0.302770374788005	0.199549918929497
3	0.545830460144995	0.151389846618335	0.151389846618335	0.151389846618335
4	0.15336768734741	0.04893893931205	0.04893893931205	0.74875443402849
5	0.797202601710867	0.000310614955488877	0.000310614955488877	0.202176168378155
6	0.90171521578421	0.000310614955488877	0.000310614955488877	0.0976635543048126
7	0.000310614955488877	0.000310614955488877	0.000310614955488877	0.999068155133533
8	0.499133384274186	0.000310614955488877	0.000310614955488877	0.500245385814836
9	0.12207090096974	0.026115728920116	0.026115728920116	0.825697641190028
10	0.7524305620267	0.0507606960259923	0.0507606960259923	0.146048045921315
11	0.194875940386778	0.0989207683371539	0.0989207683371539	0.607282522938914
12	0.301268551478217	0.201371675643439	0.201371675643439	0.295988097234906
