Pos	A	C	G	T
1	0.268870479755441	0.229116309366155	0.23846672332988	0.263546487548524
2	0.258781354771294	0.23415505289106	0.229518472192665	0.277545120144982
3	0.308882671953691	0.187346810809692	0.263212450431738	0.240558066804879
4	0.402463439755226	0.0561262860684315	0.33954424409759	0.201866030078752
5	0.15337410411352	0.680535549922064	0.0127162418508961	0.15337410411352
6	0.889009147790495	8.73958587977649e-06	0.00211722766236695	0.108864884961259
7	0.213173571590721	0.0426107566207316	0.634036626821241	0.110179044967306
8	0.139489465105231	0.000171699243089855	0.726318830704662	0.134020004947018
9	0.114921892006825	0.00121440312194828	4.4345355432936e-05	0.883819359515793
10	0.204317837925451	0.0534997408865829	0.523049868439337	0.219132552748629
