Pos	A	C	G	T
1	0.174413636058808	0.174413636058808	0.476759091823575	0.174413636058808
2	0.229946178137368	0.222971709842653	0.421684115695937	0.125397996324042
3	0.198342673573875	0.801538632275432	5.93470753464534e-05	5.93470753464534e-05
4	5.93470753464534e-05	0.999821958773961	5.93470753464534e-05	5.93470753464534e-05
5	5.93470753464534e-05	0.999821958773961	5.93470753464534e-05	5.93470753464534e-05
6	5.93470753464534e-05	0.999821958773961	5.93470753464534e-05	5.93470753464534e-05
7	5.93470753464534e-05	0.999821958773961	5.93470753464534e-05	5.93470753464534e-05
8	5.93470753464534e-05	0.999821958773961	5.93470753464534e-05	5.93470753464534e-05
9	0.177225352121035	0.274418650886675	0.472710285975752	0.0756457110165383
10	0.124661350751304	0.52703986283704	0.223637435660352	0.124661350751304
