Pos	A	C	G	T
1	0.211653495028221	0.604831846602125	0.125832351855035	0.0576823065146198
2	0.314153664735301	0.183072499118076	0.267704094192394	0.235069741954229
3	0.0589699199861507	0.740279252108694	0.079601065871325	0.12114976203383
4	0.397145890614318	0.274322300935998	0.144648071045242	0.183883737404442
5	0.284527549525036	0.162524715218763	0.493158233834878	0.0597895014213231
6	0.0280731944879903	0.552699905434165	0.203326932380966	0.215899967696879
7	0.398045109164155	0.0242051480273793	0.457860859823967	0.119888882984499
8	0.0710352883338247	0.0349240873284789	0.641094435910783	0.252946188426914
9	0.0239596320699604	0.00652976148989507	0.894594386856715	0.0749162195834295
10	0.274247615401622	0.166339587108208	0.352140908626821	0.20727188886335
