Pos	A	C	G	T
1	0.347643256833276	0.252839075076334	0.150994067461534	0.248523615647601
2	0.261311109335117	0.0663937306883002	0.510849159014572	0.161446037726911
3	0.187076883763074	0.141600343055953	0.401549660449607	0.269773311487473
4	0.637209735035448	0.17382047244476	1.4590212583899e-07	0.188969823841171
5	0.376716354059522	0.153286027175054	0.363005200727081	0.106992581805866
6	0.261246715709615	0.0192907541665431	0.384590682060037	0.334871839230898
7	0.171475749869935	0.168554256998928	7.24433948785028e-08	0.659969733788008
8	0.303136872375874	0.00425834537806241	0.559591453471649	0.133013476794512
9	0.703889269771194	0.0105842437873316	0.0427229937964803	0.242803451496724
10	0.298377543965213	0.227567051243584	0.219634871564655	0.254420469902327
