Pos	A	C	G	T
1	0.221839778424383	0.540208622195599	0.137270770542089	0.100680828837929
2	0.298238157392233	0.195956432875967	0.256695960948309	0.249109448783491
3	0.0733412568965258	0.661905833310699	0.084362526181336	0.180390383611439
4	0.39676731264638	0.228914825817766	0.171288624246416	0.203029237289439
5	0.249891870064998	0.144175067063017	0.534337843386887	0.0715952194850984
6	0.0324223184938985	0.482435400867623	0.259523440422667	0.225618840215811
7	0.369434541764735	0.01376285878831	0.488809855893028	0.127992743553926
8	0.0653178844733465	0.0579317666237153	0.632237983902462	0.244512365000476
9	0.0283638416346648	0.0212236293328271	0.833067900069822	0.117344628962686
10	0.262734705494991	0.172629002712773	0.340748544352763	0.223887747439473
