Pos	A	C	G	T
1	0.160575151256139	0.497085510649717	0.13820831350532	0.204131024588824
2	0.24269163040504	0.124187389049311	0.442212982413641	0.190907998132008
3	0.0719406520944464	0.859062348692494	0.0249242569215158	0.0440727422915432
4	0.00928016583913228	0.97056600967673	0.0194506291602041	0.00070319532393346
5	0.0336856903013669	0.770525790419183	0.0221330756873578	0.173655443592092
6	0.421922901219149	0.439141901464435	0.0770783624953961	0.0618568348210196
7	0.0449010680805179	0.816038538138951	0.0486407463757608	0.0904196474047704
8	0.103738687572296	0.192842755332287	0.437849444590628	0.265569112504788
9	0.129970045690315	0.516618146019606	0.155602395381451	0.197809412908627
10	0.339665279647055	0.225418947815998	0.197939348124494	0.236976424412453
