Pos	A	C	G	T
1	0.181072154870514	0.320183925358815	0.246878323407565	0.251865596363106
2	0.418947591545234	0.186372215449065	0.220907891116759	0.173772301888942
3	0.402972809409081	0.141015397902617	0.251858919956918	0.204152872731384
4	0.304259689279991	0.267169042975935	0.0889328488824986	0.339638418861575
5	0.475931366097478	0.303467237286622	0.0869448191908801	0.13365657742502
6	0.814425241391607	0.0434878957025168	0.0920638759130179	0.0500229869928582
7	0.686844757927273	0.11128653771237	0.0776419827770517	0.124226721583305
8	0.160770472567117	0.387601485055018	0.134286786613908	0.317341255763957
9	0.822741441169649	0.0164881507361388	0.120619623347738	0.0401507847464741
10	0.814195930093716	0.0236225328429245	0.0541739972535915	0.108007539809768
