Pos	A	C	G	T
1	0.277273835192986	0.20540950923967	0.231598574947499	0.285718080619845
2	0.260772461961613	0.211378049456439	0.215648169306973	0.312201319274975
3	0.119201145805207	0.0791078702356389	0.0586045516728553	0.743086432286299
4	0.00683697273182396	0.0288567822031116	0.918135561108813	0.0461706839562519
5	0.862085706485363	0.000770554182390751	0.084720253507778	0.0524234858244684
6	0.0393619135520852	0.891404837312703	0.00932592995760282	0.0599073191776087
7	0.762637859676311	0.0179355233753963	0.180690078823179	0.0387365381251145
8	0.164637924904433	0.133452908221489	0.461161666465346	0.240747500408732
9	0.190998577941075	0.293614000905619	0.282101231259285	0.23328618989402
10	0.218147923373635	0.236316824227614	0.178604413592126	0.366930838806626
