Pos	A	C	G	T
1	0.299401009972684	0.213104753515945	0.11812977939228	0.369364457119092
2	0.202902490374713	0.557089283427255	0.0564144606912099	0.183593765506822
3	0.0397910111543142	0.434258959044854	0.0739686264404306	0.451981403360402
4	0.721689812203384	0.000174051408021954	0.0929066684264666	0.185229467962128
5	0.14340048637976	0.315968119170373	0.0549070260890825	0.485724368360785
6	0.0363662469043718	0.745191372396816	0.0649515145469922	0.15349086615182
7	0.246200650807821	0.291822825792364	0.178778365520676	0.283198157879139
8	0.256380254436509	0.264188195598918	0.209906398796217	0.269525151168357
9	0.282035083611229	0.262967768958876	0.224086351022663	0.230910796407232
