Pos	A	C	G	T
1	0.206931429637827	0.191021785282415	0.141512419091533	0.460534365988225
2	0.182240446292512	0.224826040219824	0.166555227087004	0.42637828640066
3	0.177835322991842	0.124071494798147	0.528930990263154	0.169162191946857
4	0.441460641970914	0.23046266377242	0.0708162766327573	0.257260417623909
5	0.257370052581627	0.11449314391082	0.0722776492791864	0.555859154228367
6	0.775359090961241	0.0471496349006796	0.082543569211815	0.0949477049262642
7	0.13633507005067	0.668552953474796	0.0398497290616883	0.155262247412845
8	0.579236469515254	0.060443606404624	0.0947944444521396	0.265525479627983
9	0.241876713369384	0.182806487409971	0.111992079224757	0.463324719995888
10	0.243599159895236	0.136390771735406	0.193547718085865	0.426462350283493
