Pos	A	C	G	T
1	0.00961538461538462	0.00961538461538462	0.00961538461538462	0.971153846153846
2	0.985294117647059	0.00490196078431373	0.00490196078431373	0.00490196078431373
3	0.985294117647059	0.00490196078431373	0.00490196078431373	0.00490196078431373
4	0.00490196078431373	0.985294117647059	0.00490196078431373	0.00490196078431373
5	0.00490196078431373	0.985294117647059	0.00490196078431373	0.00490196078431373
6	0.00490196078431373	0.00490196078431373	0.985294117647059	0.00490196078431373
7	0.00490196078431373	0.00490196078431373	0.985294117647059	0.00490196078431373
8	0.00490196078431373	0.00490196078431373	0.00490196078431373	0.985294117647059
9	0.00961538461538462	0.00961538461538462	0.00961538461538462	0.971153846153846
