Pos	A	C	G	T
1	0.320068022696581	0.226643989258369	0.226643989258369	0.226643989258369
2	0.386071848701845	0.204642713923281	0.204642713923281	0.204642713923281
3	0.344281110643126	0.244282418416269	0.255159144336375	0.156277317075917
4	0.127075201657473	0.0336511682192616	0.0336511682192616	0.805622452375691
5	0.00023069966062465	0.00023069966062465	0.905883858051602	0.0936547330988363
6	0.999307891489815	0.00023069966062465	0.00023069966062465	0.00023069966062465
7	0.00023069966062465	0.999307891489815	0.00023069966062465	0.00023069966062465
8	0.999307891489815	0.00023069966062465	0.00023069966062465	0.00023069966062465
9	0.122429955162947	0.0235867080201775	0.601205170787743	0.25277815650082
10	0.0455879833552654	0.432472578016489	0.382824792265478	0.139114636834457
11	0.0939533802026293	0.0939533802026293	0.0939533802026293	0.718139849863801
12	0.216579529059285	0.350261403293833	0.216579529059285	0.216579529059285
