Pos	A	C	G	T
1	0.292756412052767	0.259936975750162	0.191229656625379	0.256076956598949
2	0.0884946314884027	0.590304384208445	0.0884946314884027	0.232706353842007
3	0.0174363385473313	0.0174363385473313	0.0174363385473313	0.947690985385262
4	0.999932588414866	2.24708707967129e-05	2.24708707967129e-05	2.24708707967129e-05
5	0.999932588414866	2.24708707967129e-05	2.24708707967129e-05	2.24708707967129e-05
6	2.24708707967129e-05	2.24708707967129e-05	2.24708707967129e-05	0.999932588414866
7	2.24708707967129e-05	2.24708707967129e-05	2.24708707967129e-05	0.999932588414866
8	0.999932588414866	2.24708707967129e-05	2.24708707967129e-05	2.24708707967129e-05
9	0.681736126159088	0.0587928145022319	0.200678245863704	0.0587928145022319
10	0.244565014624946	0.286762613063204	0.161527839639208	0.307144533699897
11	0.232586132580279	0.232586132580279	0.232586132580279	0.302241603286418
