Pos	A	C	G	T
1	0.209485867851795	0.292820846152328	0.206296511447562	0.291396774548316
2	0.0939492466520218	0.201259386887825	0.0919273469687014	0.612864019491451
3	0.809800432579374	0.000281994377032122	0.0946570525383724	0.0952605205052211
4	0.000281994377032122	0.000281994377032122	0.000281994377032122	0.999154016868904
5	0.606894198529681	0.000281994377032122	0.19866221867536	0.194161588417927
6	0.000281994377032122	0.000281994377032122	0.000281994377032122	0.999154016868904
7	0.720893245388687	0.000281994377032122	0.18356423972906	0.0952605205052211
8	0.000281994377032122	0.0952605205052211	0.000281994377032122	0.904175490740715
9	0.363812225584222	0.144197824695376	0.347792125025027	0.144197824695376
