Pos	A	C	G	T
1	0.157209773126282	0.521954828070367	0.157209773126282	0.163625625677069
2	0.105259406541728	0.676158720128525	0.0379560094111063	0.18062586391864
3	0.605858739674039	0.109579121196799	0.00404162507303464	0.280520514056127
4	0.185853123209821	0.668446725913076	0.0477012070132331	0.0979989438638697
5	0.118724256060502	0.000338511785408337	0.021047959690948	0.859889272463142
6	0.116729772457073	0.14839262404725	0.0144379712249344	0.720439632270742
7	0.420585952881883	0.138607869700554	0.317872025087822	0.122934152329741
8	0.447697642005993	0.116061253430644	0.16469875838275	0.271542346180613
9	0.289372767880004	0.254096905313846	0.256650621667387	0.199879705138762
