Pos	A	C	G	T
1	0.274351685415277	0.220172384806628	0.300188558868015	0.205287370910081
2	0.218510227573115	0.234354006757116	0.33928240764612	0.207853358023649
3	0.280827042506277	0.151069345458232	0.501567890260969	0.0665357217745212
4	0.04929541201184	0.00504214211428802	0.275291631458375	0.670370814415497
5	0.696277979692232	0.0487034065413106	0.21182256716635	0.0431960466001078
6	0.00187546113449234	0.0235436128508734	0.0317805531673009	0.942800372847334
7	0.154946011544382	0.622085002514179	0.0784982823566732	0.144470703584766
8	0.510393165483889	0.116184720386688	0.218149660123705	0.155272454005719
9	0.260324549869043	0.257734277319108	0.202740963299281	0.279200209512569
