Pos	A	C	G	T
1	0.462011853634323	0.149938088095649	0.337591856224102	0.0504582020459254
2	0.00026976864640884	0.0997496546961326	0.00026976864640884	0.89971080801105
3	0.999190694060773	0.00026976864640884	0.00026976864640884	0.00026976864640884
4	0.00026976864640884	0.198865353073204	0.00026976864640884	0.800595109633978
5	0.689604195441989	0.00026976864640884	0.309856267265193	0.00026976864640884
6	0.00026976864640884	0.00026976864640884	0.00026976864640884	0.999190694060773
7	0.803886287120166	0.00026976864640884	0.195574175587017	0.00026976864640884
8	0.00026976864640884	0.105236748964088	0.00026976864640884	0.894223713743094
9	0.199811566600483	0.199811566600483	0.199811566600483	0.40056530019855
