Pos	A	C	G	T
1	0.236294927904071	0.248410027923709	0.243491179807736	0.271803864364484
2	0.175187344941266	0.363527862152724	0.229489194080938	0.231795598825071
3	0.33039646965891	0.116780179124104	0.244763724784635	0.308059626432352
4	0.149816982755076	0.0666472932448953	0.112102590005659	0.671433133994369
5	0.111180545389483	0.043866696711448	0.743341390270613	0.101611367628456
6	0.114708151287474	0.0911394806824739	0.0117328322627626	0.78241953576729
7	0.345491044849323	0.258518361798061	0.0802355532280812	0.315755040124535
8	0.287588002206587	0.276311515348871	0.235457141630744	0.200643340813798
9	0.235720255999135	0.255352704909443	0.240482121040955	0.268444918050467
