Pos	A	C	G	T
1	0.296955342593535	0.201485189372201	0.201485189372201	0.300074278662063
2	0.050978770121936	0.050978770121936	0.155496716959911	0.742545742796217
3	0.000191934527294049	0.000191934527294049	0.000191934527294049	0.999424196418118
4	0.603948860964548	0.0989921517971789	0.000191934527294049	0.296867052710979
5	0.999424196418118	0.000191934527294049	0.000191934527294049	0.000191934527294049
6	0.000191934527294049	0.000191934527294049	0.000191934527294049	0.999424196418118
7	0.000191934527294049	0.000191934527294049	0.110091725510594	0.889524405434818
8	0.805161503307992	0.000191934527294049	0.19445462763742	0.000191934527294049
9	0.147506962424978	0.661229321453866	0.0487067451550927	0.142556970966064
10	0.199213164405358	0.303560289514041	0.199213164405358	0.298013381675243
