Pos	A	C	G	T
1	0.257435006765615	0.217188857774637	0.267941128694133	0.257435006765615
2	0.201206574645007	0.211522656323335	0.417519861130919	0.16975090790074
3	0.215254694695576	0.0824194912850423	0.55658614319814	0.145739670821242
4	0.12465029393947	8.50523924439351e-05	0.349153679578315	0.526110974089772
5	0.477236010042345	0.14664447921007	0.261912675500862	0.114206835246723
6	0.00109983698035627	0.00242337687165782	0.0477109994863468	0.948765786661639
7	0.273129236853891	0.517984375216575	0.132946272223422	0.075940115706112
8	0.41659057160092	0.178057030836847	0.221872722835032	0.183479674727201
9	0.260975015267587	0.222388238341646	0.222388238341646	0.294248508049121
