Pos	A	C	G	T
1	0.308541555756407	0.185277840127538	0.305471515981856	0.200709088134199
2	0.283793088727315	0.182773085205651	0.316792001488205	0.216641824578829
3	0.209690751460536	0.241201777262035	0.405708058475627	0.143399412801802
4	0.302831725041725	0.0761859672243419	0.546304923735789	0.0746773839981441
5	9.55840971493244e-06	6.85402637860478e-05	0.307866449888061	0.692055451438438
6	0.720671974180673	0.0609579373478781	0.179501591550692	0.0388684969207571
7	0.0217929578363682	0.0338380829427277	0.062902561257973	0.881466397962931
8	0.202630414343266	0.561933603979869	0.0807520784311822	0.154683903245683
9	0.471108381303846	0.161594187443758	0.222535842072083	0.144761589180313
