Pos	A	C	G	T
1	0.287016841601011	0.206343219333138	0.257119484115959	0.249520454949893
2	0.232893959886462	0.208634359174548	0.358017991998417	0.200453688940573
3	0.222734460637697	0.109506105160251	0.510801112611469	0.156958321590584
4	0.128672476865675	0.0424051678027721	0.307129731535408	0.521792623796145
5	0.423160896095235	0.142273672785128	0.292291758334509	0.142273672785128
6	0.00451476414957012	5.54292940876465e-05	0.0445830146049587	0.950846791951384
7	0.22164005102649	0.498226440801677	0.0874489045131867	0.192684603658646
8	0.403663142536106	0.183200416311772	0.208633833928153	0.204502607223968
9	0.267640168919076	0.219125237060435	0.20843837314434	0.304796220876149
