Pos	A	C	G	T
1	0.259191473156956	0.225330241739475	0.301137528929312	0.214340756174258
2	0.28654254526542	0.269855606496666	0.1790897407646	0.264512107473315
3	0.272192832620226	0.0915157198125215	0.0657928229589946	0.570498624608258
4	0.565782476857726	0.0659046953237038	0.0699800140829367	0.298332813735634
5	0.893994535717928	0.0218827720664759	0.00302133765047668	0.0811013545651191
6	0.0655908944546927	0.0777452053973574	0.0495725316187393	0.807091368529211
7	0.0678528674562326	0.135279315806812	0.406401524214051	0.390466292522905
8	0.474693482242322	0.276626797215263	0.0858558129407322	0.162823907601683
9	0.330441951304117	0.145537095351217	0.361561085368839	0.162459867975827
