Pos	A	C	G	T
1	0.257352671177827	0.217119394136064	0.185016943182153	0.340510991503956
2	0.396210780050595	0.187156720355032	0.194794731006713	0.22183776858766
3	0.136702287305945	0.251591181817212	0.120037653882375	0.491668876994468
4	0.135834860109311	0.0752969691841883	0.376696522754078	0.412171647952423
5	0.474793402885147	0.373485718975191	0.0958591348352457	0.0558617433044162
6	0.858672546168125	0.0329630634871939	0.062513819620022	0.0458505707246597
7	0.0448193801052337	0.0682133734619861	0.0306502444407562	0.856317001992024
8	0.386422033519619	0.0828415811831327	0.132546048839437	0.398190336457812
9	0.546095749473346	0.038970085999138	0.0902690202779175	0.324665144249598
10	0.254550045621892	0.160693280776625	0.244568995570908	0.340187678030574
