Pos	A	C	G	T
1	0.227368747723395	0.227368747723395	0.317893756829815	0.227368747723395
2	0.227368747723395	0.227368747723395	0.317893756829815	0.227368747723395
3	0.227368747723395	0.227368747723395	0.227368747723395	0.317893756829815
4	0.634594093288089	0.115357978182934	0.135576628132129	0.114471300396848
5	0.274628074615134	0.185231782366136	0.539900500373843	0.000239642644887943
6	0.0917711508598378	0.709006729165468	0.198982477329806	0.000239642644887943
7	0.0995954832154291	0.594634880466249	0.211182684381051	0.0945869519372711
8	0.108337646900941	0.183096566400184	0.000239642644887943	0.708326144053987
9	0.0228708949214931	0.645352250723721	0.216574044784417	0.115202809570369
10	0.0228708949214931	0.114402403136443	0.221419619064052	0.641307082878012
11	0.351588710914285	0.226952967734514	0.21359528670846	0.207863034642741
12	0.226413172676904	0.226413172676904	0.226413172676904	0.320760481969287
