Pos	A	C	G	T
1	0.349728434899256	0.191935034565112	0.160317616903304	0.298018913632328
2	0.218151953076527	0.0704703358106328	0.0941784938631032	0.617199217249737
3	0.556469789000117	0.0546862814669693	0.0546862814669693	0.334157648065944
4	0.938368702908113	0.0161859397048022	0.0115206715285647	0.03392468585852
5	0.0347730566965227	0.0518753047888486	0.00752960703834436	0.905822031476284
6	0.155810969623738	0.0964132402721952	0.364542644523387	0.38323314558068
7	0.3012976425412	0.414925348850035	0.091661149692622	0.192115858916143
8	0.418216598839562	0.128509068979084	0.309822476627581	0.143451855553773
9	0.267455516716604	0.208294565864452	0.210387961053759	0.313861956365186
10	0.335184772706173	0.191460580251977	0.193384791073215	0.279969855968635
