Pos	A	C	G	T
1	0.359433790761148	0.183925353899623	0.176713537620305	0.279927317718924
2	0.167166541845307	0.0556449079524443	0.0204706176450385	0.75671793255721
3	0.870598219117154	0.0116952243616842	0.0469545721372652	0.0707519843838969
4	0.91066967840416	0.0378707951957624	0.00566428254811082	0.0457952438519664
5	0.0411282877641532	0.030165417476914	0.0943202730712902	0.834386021687643
6	0.124231536790426	0.0768724117107005	0.484030081403418	0.314865970095455
7	0.771053756099052	0.0645705286677554	0.0780818858094939	0.0862938294236991
8	0.126403326073788	0.131561943670464	0.522945783890228	0.21908894636552
9	0.261927832063095	0.272617309670283	0.246674342598134	0.218780515668488
10	0.235731746627634	0.233386176558484	0.193000830447349	0.337881246366532
