Pos	A	C	G	T
1	0.366540779559993	0.229088818661288	0.146073480011313	0.258296921767406
2	0.292168053772455	0.084548823765421	0.0523174079470277	0.570965714515097
3	0.386323566031534	0.110683554831533	0.0844935561225537	0.418499323014379
4	0.987581733690957	0.001455368688592	0.0010358882412772	0.00992700937917345
5	0.0457024995197838	0.0213735246585825	0.0240985817592176	0.908825394062416
6	0.0391233572179895	0.0595442456082915	0.353088826904359	0.54824357026936
7	0.41255525457349	0.384663969738594	0.0569611893666091	0.145819586321307
8	0.516853141678444	0.120032048235369	0.236928587138598	0.12618622294759
9	0.279229220984932	0.190954088568278	0.167675912691086	0.362140777755704
10	0.336659336399824	0.194235540316739	0.214663470411145	0.254441652872292
