Pos	A	C	G	T
1	0.52241127641553	0.128825034723386	0.196066750236323	0.152696938624761
2	0.144807181986643	0.149217217226413	0.195469249995029	0.510506350791916
3	0.226057520162605	0.103626126156939	0.437374357095792	0.232941996584664
4	0.181556877675791	0.337501171066258	0.133162339319866	0.347779611938085
5	0.359294412697382	0.0227403787519549	0.0656371695028588	0.552328039047804
6	0.651076544632007	0.120136334132785	0.0513480630853042	0.177439058149904
7	0.989846464664349	0.00257938202721752	0.00344715704312354	0.00412699626530969
8	0.123579859946989	0.0387405783363779	0.059554245509884	0.778125316206749
9	0.139088848456146	0.123360742217712	0.266430368049029	0.471120041277113
10	0.505982639591026	0.186140610726632	0.152399042403758	0.155477707278583
