Pos	A	C	G	T
1	0.340923397739973	0.198672514244489	0.161040810159582	0.299363277855956
2	0.23345701173911	0.0808825381937854	0.0636244580195899	0.622035992047515
3	0.639678984021299	0.00422477693893756	0.0628635474201572	0.293232691619606
4	0.882568764890238	0.0335432854201506	0.0061893910606536	0.0776985586289578
5	0.0378321754995722	0.0536864125409547	0.00779248606590796	0.900688925893565
6	0.0683692735172372	0.0960552460911105	0.413610002051583	0.421965478340069
7	0.461808689576145	0.291532273105052	0.0913913389176303	0.155267698401173
8	0.353206630302781	0.145046334665908	0.322806554283183	0.178940480748128
9	0.234708249543408	0.227771572457543	0.230060714817376	0.307459463181673
