Pos	A	C	G	T
1	0.292535595339406	0.251787720303257	0.225560034700343	0.230116649656994
2	0.261115627941492	0.168167974520811	0.12709862098238	0.443617776555317
3	0.393186503752152	0.128288811717067	0.0969585981110189	0.381566086419762
4	0.827120358270116	0.0411798978465089	0.0944386314403266	0.0372611124430489
5	0.109654724398349	0.140799453181425	0.0727723852806319	0.676773437139594
6	0.0983914381140396	0.149747986200977	0.387204814320844	0.36465576136414
7	0.325905609209481	0.346058486579251	0.109574841227938	0.218461062983329
8	0.383482188386584	0.15591222287261	0.281263843853094	0.179341744887712
9	0.260474200144532	0.24044799196865	0.233341679857866	0.265736128028951
10	0.317384213584235	0.217046815577399	0.232784485419183	0.232784485419183
