Pos	A	C	G	T
1	0.148505892231125	0.247305554708776	0.162491328255525	0.441697224804575
2	0.0979084169785885	0.0506040959789933	0.0109575916945658	0.840529895347852
3	0.813152502653046	0.0240688547981953	0.162539113678742	0.0002395288700161
4	0.0167202766231917	0.979088612077387	0.00226284337335843	0.00192826792606284
5	0.0307675471235581	0.0136871915176815	0.912748583921269	0.0427966774374918
6	0.0845060549174435	0.462581698767695	0.0962378939006612	0.3566743524142
7	0.442438320599413	0.226399483817808	0.0784374166384462	0.252724778944333
8	0.436035475804606	0.192043826058527	0.199881283277494	0.172039414859373
9	0.312450115444583	0.173199624126636	0.25074709107914	0.263603169349641
