Pos	A	C	G	T
1	0.330092992552889	0.223302335002052	0.223302335002052	0.223302335002052
2	0.196646236535319	0.196646236535319	0.196646236535319	0.410061287953089
3	0.697812377637127	0.10072920664064	0.10072920664064	0.10072920664064
4	0.0540584494058526	0.0540584494058526	0.0540584494058526	0.837824649341489
5	0.72761501056469	0.0288104972606039	0.214763992473149	0.0288104972606039
6	0.000135504015519221	0.000135504015519221	0.999593485512489	0.000135504015519221
7	0.901419224611967	0.000135504015519221	0.000135504015519221	0.0983097649160411
8	0.999593485512489	0.000135504015519221	0.000135504015519221	0.000135504015519221
9	0.12500742930375	0.82132623144884	0.0268331684032284	0.0268331684032284
10	0.641780036598949	0.0534892668699617	0.0534892668699617	0.251241427220174
11	0.149406296764641	0.149406296764641	0.149406296764641	0.551781107265122
12	0.196077053999429	0.196077053999429	0.196077053999429	0.411768835560762
13	0.221325006144678	0.336024979125016	0.221325006144678	0.221325006144678
