Pos	A	C	G	T
1	0.211292394517144	0.282376964029605	0.24304410530513	0.263286536148121
2	0.193073876354105	0.243002782686961	0.205012898093892	0.358910442865041
3	0.192713951620081	0.0910316250034059	0.0231317694581178	0.693122653918395
4	0.673544384172054	0.0393522792207752	0.245317648341117	0.0417856882660533
5	0.0698937972226867	0.843008387054716	4.78139424980323e-06	0.0870930343283471
6	0.0893408691329843	0.0808389613527433	0.708010584826342	0.12180958468793
7	0.13385480370378	0.386354622115587	0.157080067276616	0.322710506904018
8	0.350461293016745	0.275682617323554	0.134189135927505	0.239666953732195
9	0.359247473220219	0.215726519386799	0.233693748603093	0.191332258789889
