Pos	A	C	G	T
1	0.189771602659032	0.205577122969702	0.113957008390681	0.490694265980585
2	0.764285779751871	0.0954823846782991	0.0805551285601152	0.0596767070097149
3	0.102138227697865	0.112880198873562	0.0952330522827614	0.689748521145811
4	0.0634967485991428	0.0408942187212465	0.596445995041596	0.299163037638015
5	0.19511119044288	0.484719126858295	0.0842315541649152	0.23593812853391
6	0.578624390824503	0.0351861854591543	0.0622185724070703	0.323970851309272
7	0.508308150659723	0.0479945690569186	0.129164638709932	0.314532641573426
8	0.671871914970019	0.0603443739824116	0.113303234976406	0.154480476071164
9	0.274832627469842	0.127251098133395	0.102121398317212	0.495794876079551
10	0.240668625732943	0.193141096237658	0.217765977914136	0.348424300115263
