Pos	A	C	G	T
1	0.173462063379777	0.261375722124924	0.401801795280227	0.163360419215072
2	0.245650935471506	0.297053294873515	0.331594078818698	0.125701690836281
3	0.148746667792192	0.192914028742502	0.169396927202988	0.488942376262317
4	0.11584555933887	0.151753564502309	0.615391049592834	0.117009826565987
5	0.205686716319458	0.0887971199772783	0.559114463232175	0.146401700471088
6	0.0580879076728887	0.327653783351779	0.125456302728565	0.488802006246767
7	0.683262720596593	0.0915494664144147	0.147950749194761	0.0772370637942313
8	0.0247225580174801	0.835237492288432	0.0437160847652609	0.096323864928827
9	0.161416173160147	0.338317889897845	0.355663819033527	0.144602117908481
10	0.254492335377372	0.190427342800199	0.415411966856433	0.139668354965997
