Pos	A	C	G	T
1	0.321785112907	0.248109557984292	0.162588818327895	0.267516509479307
2	0.547857409093217	0.0406125892172055	0.287054542786439	0.124475457601634
3	0.0849799536289543	0.000120977527456455	0.0839838459118843	0.830915221630199
4	0.0886458451029638	0.0849799536289543	0.82625322243912	0.000120977527456455
5	0.0849799536289543	0.000120977527456455	0.914778090014627	0.000120977527456455
6	0.827249330156189	0.000120977527456455	0.0839838459118843	0.0886458451029638
7	0.999637066116124	0.000120977527456455	0.000120977527456455	0.000120977527456455
8	0.999637066116124	0.000120977527456455	0.000120977527456455	0.000120977527456455
9	0.64887865450043	0.0875321588741853	0.0875321588741853	0.176057026449693
10	0.209508387984875	0.209508387984875	0.209508387984875	0.371474834743871
