Pos	A	C	G	T
1	0.358386715034538	0.185933446050704	0.211918496990171	0.243761377908083
2	0.382156355451269	0.145067539236432	0.265282093575315	0.207493896507573
3	0.0856986881671176	0.346309761855231	0.0547145212883777	0.513277197917121
4	0.095815865002485	0.0470114713786183	0.781982497667737	0.0751900249258093
5	0.0516397258090697	0.0939881211572442	0.738418278510699	0.1159541722753
6	0.793049083393869	0.0491134197818898	0.0520529848533214	0.105784315475126
7	0.817862777347491	0.0555737833468809	0.0512519132123463	0.0753116277538242
8	0.609440971985217	0.177404527355037	0.0564069293404162	0.156747572030494
9	0.328414343299395	0.196972620171505	0.242950844033934	0.231662051749342
10	0.297762236875887	0.161351012494481	0.0819698916731628	0.458916846103153
