Pos	A	C	G	T
1	0.176397524104967	0.141861151254022	0.240715877030769	0.441025613885603
2	0.154076827614503	0.525613127713478	0.262302945204427	0.0580072717392076
3	0.885262852246089	0.00530479964453867	0.0637202264915896	0.0457122513586537
4	0.954540031022551	0.0148851684838284	0.0158871083999873	0.0146879761351491
5	0.0252343501488325	0.0211841462004522	0.75982414629958	0.193757119366658
6	0.0163314060074606	3.25176801616405e-06	0.955878557541022	0.0277863463502087
7	0.124206537882599	1.40667950896623e-11	0.037540621934037	0.838253180961258
8	0.0324625765732023	0.750742296445611	0.040841600247405	0.175953768577022
9	0.711434386896517	0.00759904657799512	0.260987784244084	0.019979087571696
10	0.246081597897753	0.213953802871566	0.130087902259335	0.409876717280976
