Pos	A	C	G	T
1	0.349420269912477	0.19369318947108	0.227301063475248	0.229585477141195
2	0.382567771654699	0.126078637391006	0.261623335459802	0.229730255494493
3	0.0827966000848832	0.356518808962189	0.044539970472077	0.516144620480851
4	0.0184394584927295	0.00538971685499865	0.967284683831135	0.00888614082113696
5	0.00681157548466149	0.00831967708410075	0.971288403583193	0.013580343848045
6	0.935238113344396	0.0148916576105538	0.0285255781615801	0.0213446508834704
7	0.939017971891262	0.0069924753385653	0.0349820341246129	0.0190075186455602
8	0.660263693615236	0.121831542490506	0.0598977709403583	0.1580069929539
9	0.392079523428728	0.188946647193879	0.192763622660107	0.226210206717287
10	0.316485331238181	0.166880317500684	0.133924591809221	0.382709759451913
