Pos	A	C	G	T
1	0.128340466136017	0.335186342750574	0.300271367526744	0.236201823586665
2	0.0713052970307365	0.00265639679821137	0.904127704439502	0.0219106017315499
3	0.0281760653479961	0.0478692277451737	0.0539724035691257	0.869982303337705
4	0.263197353727534	0.233435111915555	0.0189708605304189	0.484396673826492
5	0.319457091264318	0.038344954917717	0.457887245571197	0.184310708246769
6	0.0674866814239201	0.573598839335824	0.103744408750694	0.255170070489562
7	0.0206954270573174	0.365005623486406	0.101485178226332	0.512813771229944
8	0.714991214583061	0.0738673011471562	0.112423192555302	0.0987182917144805
9	0.294271823140429	0.156726760288619	0.282733259915335	0.266268156655617
10	0.116768730523886	0.194453938769689	0.584171915965943	0.104605414740482
