Pos	A	C	G	T
1	0.229319605250139	0.263780333477281	0.25598444646226	0.250915614810319
2	0.306650595256115	0.222674034475336	0.229455468417669	0.24121990185088
3	0.317337680309438	0.162384413087596	0.247142833933488	0.273135072669477
4	0.478086569138843	0.1469058379364	0.228101754988356	0.1469058379364
5	0.738614777991765	0.0506417589069966	0.0631035173676803	0.147639945733558
6	0.0364576036853802	0.696557288708073	0.0952161949591288	0.171768912647418
7	0.804594796521847	0.0514360245035748	0.0591655113024416	0.0848036676721362
8	0.751247735254175	0.0622859246457887	0.124180415454247	0.0622859246457887
9	0.186787306474033	0.0873541522407274	0.0673545576146963	0.658503983670543
