Pos	A	C	G	T
1	0.252443680603295	0.252443680603295	0.254980781772269	0.240131857021142
2	0.297331382140904	0.218076797232624	0.248352046427588	0.236239774198884
3	0.314489638143348	0.181444737110285	0.273404156873974	0.230661467872392
4	0.348399335038674	0.205069580054752	0.224381860862727	0.222149224043847
5	0.603397372535949	0.0776783026054413	0.078458982525308	0.240465342333301
6	0.076800328564645	0.478764543461499	0.206687691686368	0.237747436287488
7	0.870813577049178	0.020893287211679	0.0308589839306914	0.0774341518084521
8	0.829431749788068	0.0551877400442034	0.0874214632878697	0.027959046879859
9	0.229130153162426	0.0801812900653711	0.0801812900653711	0.610507266706832
