Pos	A	C	G	T
1	0.278783863488861	0.242363047626068	0.221503147386206	0.257349941498865
2	0.33505183775495	0.217954267679183	0.220144744485694	0.226849150080173
3	0.169181010682825	0.324073133421216	0.302163786803069	0.20458206909289
4	0.397157477244376	0.159865505371516	0.197222566513742	0.245754450870366
5	0.266105094506434	0.166316287681304	0.201117903956012	0.36646071385625
6	0.163761146573425	0.386993904682307	0.234723668331547	0.214521280412722
7	0.534387997567336	0.108975399336601	0.190780234809332	0.165856368286732
8	0.48675458479415	0.162026526165536	0.157237918634521	0.193980970405793
9	0.51280536121001	0.105625134663406	0.200316048241509	0.181253455885075
