Pos	A	C	G	T
1	0.19180559300517	0.248758444348252	0.19568032300784	0.363755639638738
2	0.103857366779008	0.25801519650745	0.0696176748851474	0.568509761828394
3	0.295182011439965	0.28645806458723	0.356948728557983	0.0614111954148217
4	0.779363845388923	0.0344145005991906	0.0907835411622041	0.0954381128496823
5	0.00375316991959109	0.984959766217121	0.000235181151409536	0.0110518827118784
6	0.889947554014121	0.000286838062184733	0.104706639802988	0.00505896812070628
7	0.0145199199220101	0.958645637094448	0.0208118283200125	0.00602261466352977
8	0.0731704907980763	0.67370491814431	0.10280070474121	0.150323886316403
9	0.0901994879214987	0.164354182710706	0.0306313425191923	0.714814986848602
10	0.255487573865766	0.324788361181368	0.0850444255998885	0.334679639352978
