Pos	A	C	G	T
1	0.230084228361953	0.188377033564511	0.25175224575598	0.329786492317557
2	0.216469104670938	0.15562477691137	0.191990872854411	0.435915245563281
3	0.044650872954857	0.136848415630512	0.0230778632755093	0.795422848139122
4	0.275663678969907	0.449970294397918	0.202184686292653	0.0721813403395217
5	0.614154508226872	0.0433907610321781	0.198392330776792	0.144062399964158
6	0.00760962166603866	0.981825362993848	0.000794067709954555	0.00977094763015884
7	0.856905665733636	0.000358197001240427	0.137459295129572	0.00527684213555123
8	0.0668554129006478	0.847704637835844	0.0629620567485989	0.0224778925149093
9	0.128585048409952	0.553682014267048	0.114044707293362	0.203688230029638
10	0.120686928514253	0.180043740627868	0.0581601158445621	0.641109215013317
