Pos	A	C	G	T
1	0.0	0.0263157894736839	0.973684210526316	0.0
2	0.0263157894736841	0.0	0.947368421052632	0.0263157894736841
3	0.0	0.0	1.0	0.0
4	0.0	0.0	1.0	0.0
5	0.0	0.0	0.0	1.0
6	0.0	0.947368421052632	0.0263157894736841	0.0263157894736841
7	0.921052631578947	0.0	0.0789473684210528	0.0
8	0.13157894736842	0.657894736842108	0.0789473684210528	0.13157894736842
9	0.131578947368421	0.210526315789471	0.578947368421054	0.0789473684210536
10	0.157894736842108	0.263157894736837	0.421052631578946	0.157894736842108
