Pos	A	C	G	T
1	0.254333082140167	0.243971363978898	0.150339110776189	0.351356443104747
2	0.00391791044776119	0.10858208955224	0.881716417910447	0.00578358208955218
3	0.0	0.994194756554307	0.00580524344569288	0.0
4	0.0	0.811153552330019	0.034224598930481	0.1546218487395
5	0.010548125824072	0.11640610284423	0.187417592767	0.685628178564699
6	0.0825169555388099	0.303880934438583	0.505275056518466	0.108327053504141
7	0.559804106234698	0.123940478432849	0.310039555471839	0.00621585986061407
8	0.050169612569184	0.0019639350116051	0.947866452419211	0.0
9	0.0	0.025513950073421	0.974486049926579	0.0
10	0.00855790240349593	0.790240349599414	0.176256372906049	0.0249453750910418
11	0.2611152976639	0.052185380557649	0.36529766390354	0.32140165787491
