Pos	A	C	G	T
1	0.20430565010211	0.48698093941457	0.13938053097345	0.16933287950987
2	0.602537523841117	0.140310141802802	0.09561323492827	0.161539099427812
3	0.525211477857024	0.0320948747719363	0.403798308177143	0.0388953391938963
4	0.69146252136404	0.0	0.30853747863596	0.0
5	0.0	0.00248159483828269	0.997518405161717	0.0
6	0.0	0.0	1.0	0.0
7	0.0	0.0	0.0	1.0
8	0.0	1.0	0.0	0.0
9	0.992510288065844	0.0	0.00748971193415643	0.0
10	0.42424745003732	0.25333775603284	0.13417364623932	0.18824114769052
11	0.26776681316859	0.24595737623352	0.36445808110125	0.12181772949664
12	0.271664317107553	0.204826270835062	0.322248942698403	0.201260469358982
13	0.11612362536282	0.0595233228404399	0.753505580311519	0.0708474714852209
