Pos	A	C	G	T
1	0.32865370770338	0.12347012239021	0.39308855291577	0.15478761699064
2	0.344698544698542	0.000831600831600835	0.641164241164244	0.0133056133056131
3	0.0036680421824851	0.0	0.99312242090784	0.0032095369096745
4	0.415811478525277	0.0874192322310903	0.0425693652603567	0.454199923983276
5	0.990694345025054	0.0	0.00143163922691481	0.00787401574803153
6	0.00027601435274634	0.998619928236268	0.0011040574109854	0.0
7	0.888303477344573	0.00280997541271511	0.0972953986652623	0.01159114857745
8	0.0717504332755631	0.579896013864821	0.0866551126516461	0.26169844020797
9	0.19049401197605	0.37088323353293	0.22866766467066	0.20995508982036
10	0.28860964734495	0.13295500608026	0.49777057154439	0.0806647750304009
11	0.00478053020425899	0.11864406779661	0.00869187309865278	0.867883528900478
12	0.00090909090909091	0.0022727272727273	0.995	0.0018181818181818
13	0.00137741046831961	0.00137741046831961	0.00229568411386591	0.994949494949495
14	0.38051130048166	0.06817339755465	0.10781771026306	0.44349759170063
15	0.0015580368735393	0.996364580628408	0.0	0.0020773824980525
16	0.00594493116395493	0.694931163954943	0.00531914893617023	0.293804755944931
17	0.0921985815602837	0.501289490651189	0.0538362346872988	0.352675693101229
