Pos	A	C	G	T
1	0.00730747611017432	0.021922428330523	0.00309162450815061	0.967678471051152
2	0.260763323248778	0.555969280893646	0.153711892017689	0.0295555038398878
3	0.693439941849899	0.00999454842813008	0.25713247319644	0.0394330365255319
4	0.0	0.999620060790274	0.0	0.000379939209726441
5	0.96680790960452	0.0	0.03319209039548	0.0
6	0.0373735642036689	0.875021429795988	0.019029658837648	0.0685753471626949
7	0.248282630029439	0.481735906662307	0.181768618471269	0.0882128448369855
8	0.0785758900687071	0.0763272954403501	0.026733291692692	0.818363522798251
9	0.801734104046242	0.0233140655105971	0.0946050096339113	0.0803468208092492
10	0.0902624894157491	0.1696867061812	0.49271803556308	0.24733276883997
11	0.0785123966942152	0.015938606847698	0.862337662337662	0.0432113341204251
12	0.0	0.0272206303724929	0.00186246418338109	0.970916905444126
13	0.0015706806282723	0.0	0.998429319371728	0.0
14	0.056629213483146	0.26426966292135	0.007752808988764	0.67134831460674
15	0.0361259079903148	0.119806295399519	0.683583535108957	0.160484261501209
16	0.967524936209696	0.00278357689631179	0.0257480862908839	0.00394340060310828
