Pos	A	C	G	T
1	0.2480181200453	0.12684031710079	0.0668176670441681	0.558323895809741
2	0.219277108433731	0.0698795180722894	0.0963855421686756	0.614457831325304
3	0.142685851318941	0.0239808153477222	0.205035971223022	0.628297362110315
4	0.0742942050520059	0.0683506686478449	0.857355126300149	0.0
5	0.0	0.0280065897858319	0.968698517298188	0.00329489291598019
6	0.0	0.999009900990099	0.000990099009900989	0.0
7	0.0033277870216306	0.0	0.996672212978369	0.0
8	0.0	0.967413441955193	0.0325865580448071	0.0
9	0.000986193293885604	0.875739644970414	0.0700197238658783	0.0532544378698222
10	0.617125984251969	0.14271653543307	0.0354330708661419	0.20472440944882
11	0.622439024390244	0.0975609756097566	0.0448780487804883	0.235121951219511
12	0.552297165200388	0.0869990224828927	0.11241446725318	0.248289345063539
