Pos	A	C	G	T
1	0.19240953221536	0.40070609002648	0.1297440423654	0.27714033539276
2	0.572096648480122	0.0779423226812163	0.310210444271241	0.0397505845674202
3	0.18104184457728	0.78565328778822	0.017933390264731	0.015371477369769
4	0.922575387123064	0.0513447432762842	0.0	0.0260798696006521
5	0.0	0.00872600349040138	0.00349040139616059	0.987783595113438
6	0.2274678111588	0.028326180257511	0.0	0.744206008583689
7	0.0244313395113729	0.953664700926707	0.00168491996630159	0.0202190395956189
8	0.0	0.794943820224719	0.000702247191011239	0.20435393258427
9	0.42916378714582	0.0753282653766409	0.14236351071182	0.35314443676572
10	0.247568523430592	0.305923961096373	0.122015915119361	0.324491600353673
