Pos	A	C	G	T
1	0.25355450236967	0.36492890995261	0.19905213270142	0.1824644549763
2	0.22823529411765	0.44235294117647	0.12941176470588	0.2
3	0.0283687943262411	0.0354609929078012	0.933806146572104	0.00236406619385341
4	0.0400763358778628	0.900763358778626	0.0591603053435108	0.0
5	0.00721153846153851	0.0	0.992788461538461	0.0
6	0.0	0.0311750599520381	0.968824940047962	0.0
7	1.0	0.0	0.0	0.0
8	0.019685039370079	0.952755905511811	0.02755905511811	0.0
9	0.0141987829614601	0.196754563894521	0.787018255578096	0.00202839756592291
10	0.0306306306306309	0.390990990990989	0.0810810810810808	0.497297297297299
11	0.0910652920962209	0.194158075601372	0.225085910652922	0.489690721649485
12	0.17574692442882	0.18629173989455	0.597539543058	0.040421792618629
