Pos	A	C	G	T
1	0.0469157254561249	0.16203301476977	0.0325803649000869	0.758470894874018
2	0.00446207238472981	0.865642042637581	0.12642538423401	0.00347050074367871
3	0.997144488863506	0.000571102227298688	0.0	0.00228440890919469
4	0.997714285714286	0.000571428571428568	0.00171428571428569	0.0
5	0.00171232876712331	0.0011415525114155	0.996575342465753	0.000570776255707762
6	0.000570125427594069	0.00228050171037629	0.995438996579248	0.0017103762827822
7	0.00338791643139468	0.00621118012422357	0.00451722190852628	0.985883681535855
8	0.0011337868480726	0.989795918367347	0.000566893424036278	0.00850340136054417
9	0.967313019390582	0.0	0.0310249307479221	0.0016620498614958
10	0.343276283618579	0.12518337408313	0.0205378973105129	0.511002444987779
11	0.39633447880871	0.18785796105384	0.10824742268041	0.30756013745704
