Pos	A	C	G	T
1	0.145333718578449	0.205335644804008	0.135509968217279	0.513820668400265
2	0.082963197969543	0.027442893401015	0.043305837563452	0.84628807106599
3	0.954553587403829	0.0	0.045446412596171	0.0
4	0.999812593703148	0.0	0.00018740629685157	0.0
5	0.0016629711751663	0.0016629711751663	0.985772357723577	0.01090169992609
6	0.0161142647866691	0.00183116645303061	0.00512726606848562	0.976927302691815
7	0.0591445168104209	0.0017602534765006	0.939095229713079	0.0
8	0.03286721644556	0.21226245966296	0.63762399904386	0.11724632484762
9	0.101987251593549	0.255155605549307	0.185789276340458	0.457067866516685
