Pos	A	C	G	T
1	0.52422907488987	0.11086637298091	0.24302496328928	0.12187958883994
2	0.640234948604987	0.0726872246696037	0.141703377386199	0.145374449339209
3	0.673274596182087	0.0837004405286337	0.136563876651979	0.1064610866373
4	0.2856093979442	0.2136563876652	0.34067547723935	0.16005873715125
5	0.250367107195302	0.193098384728342	0.179882525697502	0.376651982378854
6	0.215859030837002	0.0205580029368581	0.751101321585905	0.0124816446402351
7	0.949339207048459	0.0	0.0425844346549189	0.00807635829662259
8	0.980910425844347	0.00367107195301029	0.010279001468429	0.00513950073421438
9	0.987518355359765	0.0	0.000734214390602056	0.0117474302496329
10	0.15418502202643	0.25330396475771	0.577826725403819	0.014684287812041
11	0.12628487518355	0.17474302496329	0.02863436123348	0.67033773861968
12	0.0829662261380318	0.0	0.917033773861968	0.0
13	0.955947136563877	0.00293685756240819	0.0411160058737149	0.0
14	0.977239353891336	0.0	0.0227606461086639	0.0
15	0.991189427312775	0.0	0.0	0.00881057268722466
16	0.029368575624082	0.37151248164464	0.581497797356829	0.017621145374449
17	0.12114537444934	0.265051395007341	0.0741556534508082	0.539647577092511
18	0.474302496328935	0.108663729809101	0.315712187958883	0.101321585903081
19	0.479441997063135	0.155653450807638	0.237885462555068	0.127019089574159
20	0.42290748898678	0.18428781204112	0.20851688693098	0.18428781204112
21	0.337738619676947	0.195301027900148	0.234948604992658	0.232011747430248
