Pos	A	C	G	T
1	0.67574095834965	0.08695652173913	0.23730251991122	0.0
2	0.0	0.0	0.0	1.0
3	0.0	0.0	0.0	1.0
4	0.04602428515472	0.0	0.737955346651	0.21602036819428
5	0.0	1.0	0.0	0.0
6	0.780519650084868	0.0831701266483877	0.0695913304608958	0.0667188928058488
7	0.17365191278235	0.49967358663011	0.0	0.32667450058754
8	0.79814597205902	0.20185402794098	0.0	0.0
9	1.0	0.0	0.0	0.0
10	0.0	0.37132784958872	0.1177699438569	0.51090220655438
11	0.378900639770204	0.323997910954433	0.0581015798407106	0.238999869434652
