Pos	A	C	G	T
1	0.391552511415528	0.0511415525114157	0.270547945205478	0.286757990867578
2	0.12420091324201	0.449086757990869	0.402968036529679	0.0237442922374429
3	0.7203196347032	0.0	0.0	0.2796803652968
4	0.0	0.0	1.0	0.0
5	1.0	0.0	0.0	0.0
6	0.0	0.0	0.0	1.0
7	0.988356164383562	0.0	0.0	0.011643835616438
8	0.956164383561644	0.0	0.0438356164383562	0.0
9	0.10091324200913	0.20867579908676	0.688356164383561	0.0020547945205479
10	0.57671232876712	0.17465753424658	0.24132420091324	0.00730593607305941
11	0.542694063926942	0.0974885844748864	0.11986301369863	0.239954337899541
12	0.2	0.27853881278539	0.16643835616438	0.35502283105023
13	0.17762557077626	0.39018264840183	0.17534246575342	0.25684931506849
14	0.34018264840183	0.17214611872146	0.12945205479452	0.35821917808219
