Pos	A	C	G	T
1	0.21774574162269	0.13305015660531	0.3823743939589	0.2668297078131
2	0.394290990846313	0.00754777581499926	0.588766661313635	0.00939457202505228
3	0.0023696682464455	0.00020428174538323	0.996077790488642	0.0013482595195293
4	0.451008520257351	0.0281690140845071	0.13688923665449	0.383933229003651
5	0.997265417738052	0.0020407330313048	0.000367331945634871	0.00032651728500878
6	0.00018398586988519	0.999411245216367	0.000404768913747419	0.0
7	0.971530249110321	0.0020452407248333	0.023111220190616	0.00331328997423
8	0.0825929283771532	0.356346328195831	0.0436990027198551	0.517361740707161
9	0.260183853962443	0.243497582015422	0.159282011066092	0.337036552956043
10	0.440184112111122	0.0650556856943253	0.393251962355652	0.101508239838901
11	0.0036963765097876	0.036339025406081	0.000937109537692629	0.959027488546439
12	0.0	0.000571545213308841	0.999428454786691	0.0
13	0.000548426017330259	0.000493583415597239	0.000438740813864209	0.998519249753208
14	0.457583322384266	0.124994525467529	0.0262339596198478	0.391188192528357
15	0.00138574866895189	0.996900299029976	0.000255269491649039	0.00145868280942309
16	0.0102342506254259	0.580759608824197	0.00486695474186947	0.404139185808508
17	0.212977567472838	0.401726253066946	0.0996319663512081	0.285664213109007
