Pos	A	C	G	T
1	0.681307076776629	0.040901924621471	0.19274474224351	0.0850462563583899
2	0.024970249086955	0.939862119906438	0.0303254134351019	0.00484221757150479
3	0.00776283354236043	0.990507287116724	0.0012757860139255	0.000454093326990442
4	0.0	0.000457975312949801	0.998975007632922	0.000567017054128321
5	8.5901428111242e-05	0.00088048963814023	0.98372167937292	0.015311929560829
6	0.993062631430616	0.00505127148958308	0.00134411516031829	0.000541981919483168
7	0.947110513801302	0.00688514421585862	0.0012405665253799	0.0447637754574591
8	0.0585881347371692	0.0458642526904702	0.889836434981934	0.00571117759042702
9	0.016914412334964	0.11649893823285	0.020736774074416	0.84584987535777
10	0.289781037832647	0.145676425000549	0.377082105355076	0.187460431811728
