Pos	A	C	G	T
1	0.0427728613569322	0.250245821042281	0.0752212389380534	0.631760078662733
2	0.587980173482029	0.0	0.00805452292441139	0.403965303593559
3	0.013019218846869	0.985740855548667	0.000619962802231868	0.000619962802231868
4	0.00124146492861581	0.998758535071384	0.0	0.0
5	0.0	1.0	0.0	0.0
6	0.995668316831683	0.0	0.00247524752475251	0.00185643564356441
7	0.0	0.551081730769228	0.0366586538461539	0.412259615384618
8	0.740846681922196	0.0818077803203655	0.177345537757439	0.0
9	0.958536585365854	0.0	0.0408536585365852	0.000609756097560982
10	0.00371287128712871	0.0	0.000618811881188122	0.995668316831683
11	0.0356065178032592	0.0217260108630051	0.937235968617984	0.00543150271575143
12	0.0	1.0	0.0	0.0
13	0.891459074733096	0.0907473309608536	0.00177935943060499	0.0160142348754449
14	0.137614678899079	0.425608296769048	0.00598324690865577	0.430793777423218
15	0.0415986949429039	0.464110929853179	0.00530179445350729	0.488988580750409
16	0.18716315531602	0.010289073983341	0.743753062224401	0.0587947084762371
