Pos	A	C	G	T
1	0.566651397159872	0.0797068254695372	0.14933577645442	0.204306000916171
2	0.578826764436301	0.0554537121906511	0.0728689275893681	0.29285059578368
3	0.494958753437213	0.0989917506874435	0.0834097158570124	0.322639780018332
4	0.340971585701193	0.182401466544452	0.196608615948672	0.280018331805683
5	0.0852988691437798	0.199676898222939	0.010016155088853	0.705008077544428
6	0.00090785292782569	0.0063549704947798	0.99046754425783	0.0022696323195642
7	0.118521494576131	0.876657292085179	0.00200883889112092	0.00281237444756933
8	0.013771657041315	0.015992892047979	0.000888494002665481	0.969346956908041
9	0.018672199170124	0.0053941908713693	0.90539419087137	0.070539419087137
10	0.980674157303371	0.0058426966292135	0.00764044943820221	0.0058426966292135
11	0.0582027502398472	0.697793412216182	0.156699712184201	0.0873041253597703
12	0.266727772685608	0.0632447296058656	0.296058661778188	0.373968835930338
