Pos	A	C	G	T
1	0.31627676867623	0.16078874832144	0.24220792988904	0.28072655311329
2	0.0531210043008249	0.038068115773567	0.822329419969779	0.0864814599558289
3	0.010798733941538	0.0679575498045063	0.0431328740768322	0.878110842177124
4	0.0943494038361852	0.0770116928748342	0.013651287368239	0.814987615920742
5	0.981002565347015	0.000277334812452329	0.0158080843097829	0.00291201553074949
6	0.900178139712431	0.0537600203588241	0.000827077236289601	0.0452347626924551
7	0.0429759704251392	0.0223791919725381	0.000594137839978882	0.934050699762344
8	0.177975685609268	0.320893412496467	0.265055131467347	0.236075770426918
9	0.892512458209802	0.000441556803128751	0.0266826468176371	0.0803633381694322
10	0.024020060710044	0.00052791342219876	0.041771149531477	0.93368087633628
11	0.000971412711629203	0.0170691090757701	0.000208159866777691	0.981751318345823
12	0.715427011174597	0.0275066997016739	0.1097234160894	0.147342873034329
13	0.858139252789908	0.0547671033478889	0.0642891800097039	0.022804463852499
14	0.0418421052631582	0.471578947368422	0.0273026315789471	0.459276315789472
15	0.21266520602163	0.24666054138102	0.17252102622093	0.36815322637642
