Pos	A	C	G	T
1	0.18759455370651	0.074130105900151	0.047655068078669	0.69062027231467
2	0.0456563094483198	0.0919467343056436	0.648700063411537	0.213696892834499
3	0.398142774230994	0.388856645385954	0.0609402205455606	0.152060359837492
4	0.00370566437268402	0.991000529380625	0.0010587612493383	0.00423504499735312
5	0.0	0.991113434396236	0.00470465237846308	0.00418191322530058
6	0.704262295081965	0.0	0.00786885245901635	0.287868852459018
7	0.01358234295416	0.0	0.0	0.98641765704584
8	0.991379310344828	0.00492610837438419	0.00307881773399009	0.000615763546798029
9	0.0	0.00171673819742489	0.0	0.998283261802575
10	0.963212752912323	0.00367872470876761	0.0	0.0331085223789091
11	0.0496338486574451	0.014646053702197	0.010577705451587	0.925142392188771
12	0.01043956043956	0.00604395604395601	0.981868131868132	0.0016483516483516
13	0.0	0.00839865621500564	0.991601343784994	0.0
14	0.1078114912847	0.0929632020658491	0.39444803098773	0.40477727566172
15	0.21342512908778	0.656339644291451	0.0872059667240391	0.04302925989673
16	0.729328165374676	0.0516795865633067	0.0807493540051676	0.138242894056849
