Pos	A	C	G	T
1	0.47736625514403	0.13374485596708	0.20781893004115	0.18106995884774
2	0.654723127035827	0.00977198697068396	0.335504885993489	0.0
3	0.0	0.0	0.948249619482496	0.0517503805175038
4	0.003125	0.0	0.996875	0.0
5	0.0	0.0	0.00543478260869572	0.994565217391304
6	0.00219780219780221	0.993406593406593	0.0	0.00439560439560441
7	0.940119760479042	0.0	0.0598802395209581	0.0
8	0.20689655172414	0.647509578544059	0.10153256704981	0.0440613026819919
9	0.1682119205298	0.295364238410601	0.450331125827811	0.0860927152317882
10	0.379032258064519	0.141935483870969	0.458064516129028	0.0209677419354839
11	0.0	0.043071161048689	0.00187265917603	0.955056179775281
12	0.00315457413249209	0.0	0.996845425867508	0.0
13	0.995943204868154	0.00202839756592291	0.00202839756592291	0.0
14	0.0	0.995670995670996	0.00432900432900428	0.0
15	0.031914893617021	0.968085106382979	0.0	0.0
16	0.0	0.21932515337423	0.010736196319018	0.769938650306752
17	0.0678294573643416	0.131782945736431	0.405038759689924	0.395348837209304
