Pos	A	C	G	T
1	0.315789473684208	0.0921052631578945	0.407894736842108	0.184210526315789
2	0.710526315789471	0.0789473684210532	0.0921052631578952	0.11842105263158
3	0.776315789473682	0.0526315789473681	0.0	0.17105263157895
4	0.0	0.947368421052632	0.0263157894736841	0.0263157894736841
5	0.855263157894738	0.0526315789473678	0.0	0.0921052631578947
6	0.93421052631579	0.026315789473684	0.013157894736842	0.026315789473684
7	0.052631578947368	0.0	0.013157894736842	0.93421052631579
8	0.315789473684209	0.0789473684210528	0.499999999999998	0.10526315789474
9	0.118421052631579	0.118421052631579	0.723684210526316	0.0394736842105258
