Pos	A	C	G	T
1	0.157021335936411	0.639101938362854	0.111699902384601	0.0921768233161346
2	0.972667689304141	0.0	0.025240552224237	0.0020917584716218
3	0.940036257146841	0.013805605912704	0.037372751359643	0.00878538558081161
4	0.349463115325619	0.15576628085344	0.457676753590849	0.0370938502300929
5	1.0	0.0	0.0	0.0
6	0.0	0.0016734067772974	0.0	0.998326593222703
7	0.0015339562125227	0.0	0.998466043787477	0.0
8	0.0018128573420722	0.0	0.998187142657928	0.0
9	0.113233858597129	0.786082833635475	0.00529912146144186	0.0953841863059543
10	0.12090363965974	0.23441639938642	0.38558081160229	0.25909914935155
11	0.12536605773253	0.12201924417794	0.64914237902664	0.10347231906289
12	0.18574815228002	0.637010179891229	0.0545251708269419	0.12271649700181
