Pos	A	C	G	T
1	0.196748415541471	0.199779553596031	0.0856985395425745	0.517773491319923
2	0.0	0.0	0.0013777900248002	0.9986222099752
3	0.0	0.0024800220446404	0.0	0.99751997795536
4	0.0460181868283271	0.944061724993111	0.0019289060347203	0.00799118214384131
5	0.0	0.955084045191513	0.0	0.0449159548084871
6	0.0697161752548909	0.45108845411959	0.0	0.47919537062552
7	0.416368145494628	0.0	0.553596031964727	0.0300358225406449
8	0.0	0.00165334802976031	0.898870212179663	0.0994764397905764
9	0.968035271424635	0.0303113805456051	0.00165334802976031	0.0
10	0.985670983742078	0.0	0.014329016257922	0.0
11	0.4813998346652	0.21631303389363	0.20143290162579	0.10085422981538
