Pos	A	C	G	T
1	0.31687593104916	0.46094913811449	0.1566290700149	0.0655458608214509
2	0.12010981468771	0.035003431708991	0.743308167467399	0.1015785861359
3	0.000460193281178092	0.996778647031753	0.00184077312471241	0.000920386562356193
4	0.996320147194112	0.0018399264029439	0.0018399264029439	0.0
5	0.0	0.0519698239731768	0.907795473595976	0.0402347024308468
6	0.044168926772569	0.839209608678811	0.11662146454862	0.0
7	0.0	0.00046082949308756	0.0013824884792627	0.99815668202765
8	0.0	0.0	0.998616874135546	0.00138312586445369
9	0.0481682496607869	0.734735413839889	0.0607191316146539	0.15637720488467
10	0.034195933456562	0.0557609365372771	0.667282809611831	0.24276032039433
