Pos	A	C	G	T
1	0.30083655083655	0.0944337194337191	0.529601029601031	0.0751287001287001
2	0.31290944123314	0.00443159922928711	0.681695568400771	0.000963391136801541
3	0.00116076610562969	0.0	0.998645772876765	0.000193461017604949
4	0.0346015086913742	0.00229583469990161	0.846507051492294	0.116595605116431
5	0.024915824915825	0.011111111111111	0.0949494949494949	0.869023569023569
6	0.000189035916824201	0.975803402646503	0.000945179584120983	0.0230623818525521
7	0.96975389817772	0.00037572797294759	0.029870373849333	0.0
8	0.98473864937047	0.0	0.01316291491797	0.0020984357115605
9	0.990026850786344	0.0	0.00997314921365555	0.0
10	0.0	0.00019357336430507	0.99922570654278	0.00058072009291521
11	0.0	0.00096637031310398	0.0013529184383456	0.99768071124855
12	0.0202067669172931	0.808583959899753	0.0205200501253131	0.150689223057641
13	0.0	0.963599029307448	0.000746686578308749	0.0356542841142429
14	0.835115362971296	0.00656537235040327	0.132995685612459	0.0253235790658409
15	0.41611778380473	0.21483920960868	0.21716388996513	0.15187911662146
16	0.19736587255472	0.20608173542514	0.17547937245787	0.42107301956227
