Pos	A	C	G	T
1	0.169811320754718	0.377358490566036	0.169811320754718	0.283018867924527
2	0.528301886792453	0.301886792452832	0.132075471698111	0.0377358490566042
3	1.0	0.0	0.0	0.0
4	1.0	0.0	0.0	0.0
5	0.0188679245283019	0.0	0.0188679245283019	0.962264150943396
6	0.018867924528302	0.981132075471698	0.0	0.0
7	0.584905660377364	0.132075471698111	0.0377358490566042	0.245283018867921
8	0.15094339622642	0.52830188679245	0.20754716981132	0.11320754716981
9	0.358490566037739	0.207547169811319	0.0377358490566038	0.396226415094338
10	0.132075471698111	0.245283018867923	0.528301886792456	0.09433962264151
