Pos	A	C	G	T
1	0.11904761904762	0.23809523809524	0.33333333333333	0.30952380952381
2	0.452380952380952	0.0952380952380955	0.333333333333332	0.119047619047621
3	0.357142857142856	0.357142857142856	0.166666666666668	0.119047619047619
4	0.0	1.0	0.0	0.0
5	0.285714285714288	0.547619047619047	0.0952380952380944	0.0714285714285706
6	0.0	1.0	0.0	0.0
7	0.0	1.0	0.0	0.0
8	0.19047619047619	0.547619047619051	0.0476190476190481	0.21428571428571
9	0.38095238095238	0.14285714285714	0.35714285714286	0.11904761904762
