Pos	A	C	G	T
1	0.287733048331549	0.223488896805609	0.425246407790048	0.0635316470727938
2	0.0874005462534145	0.442227763923523	0.177116731979571	0.293254957843492
3	0.002553140957131	0.997446859042869	0.0	0.0
4	0.984028025175157	0.0	0.0	0.015971974824843
5	0.0111625697660609	0.610319439496495	0.0553378458615366	0.323180144875907
6	0.0952974706091908	0.0353283458021609	0.869374183588648	0.0
7	0.0	0.0	0.0	1.0
8	0.0	0.0	1.0	0.0
9	0.876499228120176	0.0	0.0816411352570947	0.0418596366227288
10	0.0	0.78173613585085	0.0	0.21826386414915
11	0.108122550765941	0.589359933499583	0.0660847880299253	0.236432727704551
