Pos	A	C	G	T
1	0.0465116279069769	0.0930232558139527	0.0930232558139527	0.767441860465118
2	0.0465116279069768	0.0465116279069768	0.0	0.906976744186046
3	0.0930232558139529	0.604651162790699	0.023255813953488	0.27906976744186
4	0.906976744186047	0.0465116279069769	0.0232558139534879	0.0232558139534879
5	0.0697674418604655	0.790697674418606	0.0232558139534882	0.116279069767441
6	0.0232558139534881	0.0	0.953488372093024	0.0232558139534881
7	0.023255813953488	0.860465116279071	0.0930232558139531	0.023255813953488
8	0.488372093023258	0.0465116279069768	0.0465116279069768	0.418604651162788
9	0.023255813953488	0.0930232558139531	0.023255813953488	0.860465116279071
10	0.0465116279069768	0.325581395348839	0.581395348837208	0.0465116279069768
11	0.837209302325582	0.0	0.13953488372093	0.023255813953488
12	0.25581395348837	0.25581395348837	0.30232558139535	0.18604651162791
13	0.0232558139534882	0.116279069767441	0.0697674418604655	0.790697674418606
14	0.023255813953488	0.0	0.395348837209301	0.581395348837211
