Pos	A	C	G	T
1	0.0	0.333333333333332	0.583333333333334	0.0833333333333336
2	0.16666666666667	0.0	0.83333333333333	0.0
3	1.0	0.0	0.0	0.0
4	0.916666666666667	0.0	0.0	0.0833333333333328
5	1.0	0.0	0.0	0.0
6	0.16666666666667	0.0	0.83333333333333	0.0
7	0.0	0.5	0.0	0.5
8	0.0	0.0	1.0	0.0
9	1.0	0.0	0.0	0.0
10	1.0	0.0	0.0	0.0
11	1.0	0.0	0.0	0.0
12	0.0	0.5	0.5	0.0
13	0.0	0.58333333333333	0.16666666666667	0.25
14	0.416666666666666	0.166666666666668	0.249999999999998	0.166666666666668
15	0.5	0.0	0.16666666666667	0.33333333333333
16	0.500000000000002	0.0833333333333333	0.0833333333333333	0.333333333333331
17	0.416666666666669	0.166666666666669	0.0833333333333327	0.333333333333329
18	0.249999999999999	0.499999999999998	0.0833333333333327	0.166666666666669
