Pos	A	C	G	T
1	0.0952902519167578	0.318729463307779	0.0832420591456738	0.502738225629789
2	0.1829134720701	0.15881708652793	0.45345016429354	0.20481927710843
3	0.30777656078861	0.0536692223439209	0.491785323110619	0.14676889375685
4	0.0613362541073378	0.876232201533407	0.0230010952902519	0.0394304490690029
5	0.00876232201533412	0.989047097480832	0.0	0.0021905805038335
6	0.814895947426068	0.014238773274918	0.0711938663745889	0.0996714129244248
7	0.0438116100766698	0.578313253012048	0.365826944140199	0.012048192771084
8	0.117324561403509	0.474780701754386	0.0526315789473676	0.355263157894737
9	0.933114035087719	0.012061403508772	0.035087719298246	0.019736842105263
10	0.00548847420417118	0.0	0.991218441273326	0.00329308452250269
11	0.365532381997803	0.00329308452250273	0.621295279912186	0.00987925356750829
12	0.059275521405049	0.013172338090011	0.55323819978046	0.37431394072448
13	0.013186813186813	0.0	0.978021978021978	0.00879120879120878
14	0.0615384615384621	0.00879120879120881	0.851648351648351	0.0780219780219781
15	0.11441144114411	0.80638063806381	0.0055005500550055	0.073707370737074
16	0.409240924092409	0.014301430143014	0.557755775577558	0.0187018701870189
17	0.0903083700440524	0.530837004405286	0.338105726872248	0.0407488986784137
18	0.128854625550661	0.354625550660792	0.0803964757709254	0.436123348017622
19	0.442731277533039	0.19933920704846	0.292951541850219	0.0649779735682819
