Pos	A	C	G	T
1	0.688386886315444	0.164165715217749	0.0807372369923333	0.0667101614744735
2	0.000472168301768009	0.0	0.999265515975028	0.000262315723204449
3	0.0	0.00015639662183297	0.999739338963612	0.00010426441455531
4	0.00020524398378573	0.0	0.983477859305249	0.016316896710965
5	0.011614342952782	0.00015215296444692	0.986864127402749	0.0013693766800223
6	0.929533839244231	0.0048009911723711	0.0635744153631721	0.0020907542202261
7	0.507574110313837	0.00130463144161769	0.00231934478509819	0.488801913459447
8	0.0013905568548132	0.082864547120915	0.0073320270526515	0.90841286897162
9	0.0017480719794344	0.984473007712082	0.000411311053984581	0.013367609254499
10	0.049516787884826	0.950084686659361	9.96313639533731e-05	0.00029889409186012
11	0.000416753490310479	0.999270681391957	0.00010418837257762	0.000208376745155239
12	0.000621246634914057	0.998343342306896	0.000207082211638019	0.000828328846552077
13	0.0806789880718308	0.0847424302005508	0.21942587495085	0.615152706776769
