Pos	A	C	G	T
1	0.329755698660942	0.0394561995297973	0.0155371562915261	0.615250945517734
2	0.695238557491629	0.035334660000971	0.20215502596709	0.0672717565403099
3	0.344386753348753	0.0876128975958818	0.105676512936861	0.462323836118504
4	0.25736384827294	0.017800381436745	0.72213392667938	0.0027018436109345
5	0.10839449342077	0.0717418682416287	0.0169366395969949	0.802926998740607
6	0.706925357046618	0.289517650229049	0.0011317704122878	0.00242522231204529
7	0.991154712126086	0.00578964297201667	0.0	0.00305564490189769
8	0.983562081072454	0.00297904032343871	0.00750079795722953	0.00595808064687733
9	0.00649731053948979	0.46769984555573	0.00878734622144109	0.51701549768334
10	0.966340877018763	0.001411174410704	0.0226310562901791	0.00961689228035333
11	0.316819514039898	0.0736503734518286	0.0523305285052467	0.557199584003027
