Pos	A	C	G	T
1	0.369837114601506	0.143397324025599	0.323589296102387	0.163176265270508
2	0.210327272727268	0.238254545454548	0.356363636363636	0.195054545454548
3	0.00518806744487678	0.990920881971466	0.00389105058365758	0.0
4	0.965188096574958	0.0028074115665357	0.022318921953958	0.00968556990454798
5	0.00261599889852679	0.946716232961586	0.00536968194960758	0.0452980861902798
6	0.032199100112486	0.00098425196850394	0.96681664791901	0.0
7	0.00542779602913868	0.012426796171975	0.0	0.982145407798886
8	0.0	0.0	0.994360086767896	0.00563991323210408
9	0.0926545454545455	0.220218181818181	0.408581818181822	0.278545454545451
10	0.104551403228151	0.188308855605642	0.226261451214192	0.480878289952015
