Pos	A	C	G	T
1	0.272383787497141	0.0840393863063892	0.568926036180441	0.0746507900160292
2	0.15147698648958	0.0	0.72784520265629	0.12067781085413
3	0.23528738264255	0.0	0.76471261735745	0.0
4	0.0	0.0	1.0	0.0
5	0.0	0.0	1.0	0.0
6	0.31497595603389	0.52942523471491	0.0	0.1555988092512
7	0.00835814059995416	0.0	0.991641859400046	0.0
8	0.0	0.0	1.0	0.0
9	0.22120448820701	0.0	0.767460499198532	0.011335012594458
10	0.214907258987862	0.0735058392489126	0.711586901763226	0.0
11	0.208381039615298	0.489008472635676	0.204488207007098	0.0981222807419272
