Pos	A	C	G	T
1	0.710916799152095	0.0556438791732914	0.169581346051931	0.0638579756226824
2	0.0565681961030798	0.843180389692018	0.0933375235700817	0.00691389063482088
3	0.136436597110751	0.861316211878013	0.00224719101123601	0.0
4	0.0	0.00776627218934911	0.992233727810651	0.0
5	0.0	0.0	0.995547309833024	0.00445269016697592
6	1.0	0.0	0.0	0.0
7	0.738711453744489	0.0024779735682819	0.00853524229074889	0.25027533039648
8	0.405893186003681	0.00773480662983432	0.581952117863722	0.00441988950276241
9	0.030742659758204	0.24594127806563	0.042832469775475	0.680483592400691
10	0.29929183749534	0.14945956019381	0.40365262765561	0.14759597465524
