Pos	A	C	G	T
1	0.22865013774105	0.46556473829201	0.15013774104683	0.15564738292011
2	0.55234159779614	0.10743801652893	0.21900826446281	0.12121212121212
3	0.16253443526171	0.32920110192837	0.37878787878788	0.12947658402204
4	0.27961432506887	0.34022038567493	0.20936639118457	0.17079889807163
5	0.672176308539943	0.0385674931129482	0.282369146005511	0.00688705234159783
6	0.0	0.0	0.0	1.0
7	0.0	0.0	0.979338842975207	0.0206611570247929
8	1.0	0.0	0.0	0.0
9	0.0275482093663908	0.734159779614325	0.162534435261709	0.0757575757575755
10	0.115702479338841	0.0275482093663912	0.0220385674931131	0.834710743801655
11	0.0895316804407708	0.756198347107438	0.0633608815426999	0.0909090909090908
12	0.794765840220387	0.00413223140495868	0.12396694214876	0.0771349862258947
13	0.013774104683196	0.015151515151515	0.961432506887052	0.00964187327823692
14	0.00550964187327821	0.962809917355372	0.026170798898072	0.00550964187327821
15	0.858126721763086	0.0358126721763088	0.0426997245179058	0.0633608815426997
