Pos	A	C	G	T
1	0.14050261096606	0.15608681462141	0.45651109660574	0.24689947780679
2	0.0805319843342037	0.11586161879896	0.803606396866837	0.0
3	0.268358355091383	0.538430156657965	0.0	0.193211488250652
4	0.024804177545692	0.0	0.975195822454308	0.0
5	0.0198270234986951	0.0	0.682196475195823	0.297976501305481
6	0.1216546997389	0.0498531331592691	0.828492167101831	0.0
7	0.0329634464751961	0.0	0.967036553524804	0.0
8	0.0	0.0	1.0	0.0
9	0.20438968668407	0.55809399477807	0.0	0.23751631853786
10	0.0366351174934731	0.0	0.944353785900783	0.0190110966057441
11	0.039980417754569	0.0	0.851093342036551	0.10892624020888
12	0.228214751958221	0.183583550913841	0.493554177545692	0.0946475195822455
13	0.20757180156658	0.11088446475196	0.55866514360313	0.12287859007833
14	0.191498041775459	0.251550261096609	0.467362924281979	0.0895887728459527
