Pos	A	C	G	T
1	0.0689655172413791	0.03448275862069	0.03448275862069	0.862068965517241
2	1.0	0.0	0.0	0.0
3	0.0	0.0	0.0	1.0
4	0.0	0.0	0.86206896551724	0.13793103448276
5	0.0	0.6551724137931	0.03448275862069	0.31034482758621
6	0.82758620689655	0.0	0.0	0.17241379310345
7	0.96551724137931	0.0	0.03448275862069	0.0
8	0.96551724137931	0.0	0.0	0.03448275862069
9	0.13793103448276	0.03448275862069	0.0	0.82758620689655
10	0.206896551724138	0.172413793103448	0.275862068965517	0.344827586206897
11	0.6551724137931	0.17241379310345	0.03448275862069	0.13793103448276
12	0.13793103448276	0.10344827586207	0.51724137931034	0.24137931034483
