Pos	A	C	G	T
1	0.718911917098443	0.0744818652849733	0.107512953367879	0.0990932642487041
2	0.1663430420712	0.17864077669903	0.21618122977346	0.43883495145631
3	0.0204081632653061	0.12796469939327	0.0	0.851627137341423
4	0.0	0.997416020671835	0.00193798449612401	0.000645994832041343
5	0.0019120458891013	0.984066284257489	0.0025493945188018	0.011472275334608
6	0.0	0.996129032258064	0.0	0.00387096774193552
7	0.363754045307441	0.253074433656961	0.0407766990291262	0.342394822006471
8	0.503238341968908	0.0498704663212438	0.134715025906739	0.312176165803109
9	0.013367281985996	0.00381922342457031	0.982813494589434	0.0
10	0.0644966847498489	0.0048221820373719	0.930681133212779	0.0
11	0.00381679389312982	0.0	0.982188295165394	0.0139949109414761
12	0.925104853205512	0.01018573996405	0.0503295386458961	0.014379868184542
13	0.391191709844558	0.379533678756478	0.0939119170984454	0.135362694300519
14	0.1619170984456	0.235751295336789	0.0524611398963728	0.549870466321238
