Pos	A	C	G	T
1	0.0436259814418268	0.0294075660242679	0.880485367594576	0.0464810849393288
2	0.015297178080642	0.0721597014081321	0.040547418424475	0.871995702086751
3	0.140396442310049	0.0849239212995857	0.0190625535981179	0.755617082792247
4	0.985303044825714	0.000415348733186361	0.012716061216013	0.00156554522508711
5	0.941533858460036	0.0355071136349758	0.00427428710997128	0.0186847407950169
6	0.0577574425099532	0.0240358904272391	0.00196090082595521	0.916245766236853
7	0.21084376418704	0.29950061612297	0.31214735067125	0.17750826901874
8	0.947172824718204	0.00224208360207621	0.0184280844006271	0.0321570072790931
9	0.038721573448064	0.01217549097082	0.0465068633476751	0.902596072233441
10	0.0025328478708248	0.021054297926231	3.1660598385309e-05	0.976381193604559
11	0.770531944132125	0.0198385928091351	0.131699272918071	0.0779301901406695
12	0.888808830734646	0.0424244170965788	0.0570654523445828	0.011701299824192
13	0.0536683356819481	0.513117260816121	0.021737175066711	0.41147722843522
