Pos	A	C	G	T
1	0.0346690022626089	0.0255455806145539	0.0291219619005909	0.910663455222246
2	0.156343230572521	0.0226594686745281	0.0686177013780373	0.752379599374914
3	0.0011749155529446	0.980393596710237	0.00983991775591127	0.00859156998090757
4	0.0	0.953150007274844	0.00232794994907611	0.0445220427760802
5	0.124657621504551	0.378813937193452	0.0749092298872544	0.421619211414743
6	0.620431497992242	0.0368883141632071	0.262710134077451	0.0799700537671002
7	0.91474671124355	0.0	0.017225089032633	0.068028199723817
8	0.38337264993924	0.045893201801415	0.013939523911645	0.5567946243477
9	0.239492517891998	0.223292127521148	0.144437215354589	0.392778139232266
10	0.265479637730273	0.186248536750662	0.363317109235414	0.184954716283652
11	0.0703572204912693	0.0	0.922614303311354	0.00702847619737703
12	0.026626148614427	0.029303234208813	0.82164821648216	0.1224224006946
