Pos	A	C	G	T
1	0.656314448623073	0.0116462452990421	0.310930486473372	0.0211088196045131
2	0.052044158680092	0.0	0.869828945772171	0.0781268955477371
3	0.00715758825670266	0.0	0.987868494480165	0.00497391726313237
4	0.00897731408467786	0.0178333131141569	0.119980589591169	0.853208783209996
5	0.0	0.924542035666626	0.0646609244207207	0.010797039912653
6	0.98240931699624	0.00012131505519835	0.006914958146306	0.010554409802256
7	0.060900157709572	0.50976586194347	0.33216062113308	0.097173359213878
8	0.25379109547495	0.39245420356666	0.20477981317482	0.14897488778357
9	0.21933761979862	0.30450078854786	0.26361761494601	0.21254397670751
10	0.19434671842776	0.11828217881839	0.0646609244207209	0.622710178333129
11	0.135994176877349	0.0482833919689428	0.807715637510617	0.00800679364309107
12	0.397670750940186	0.249423753487808	0.168749241780908	0.184156253791098
13	0.0526507339560837	0.784787092078126	0.0440373650370008	0.118524808928789
14	0.13478102632537	0.71017833313114	0.0	0.15504064054349
15	0.101176756035421	0.328521169477133	0.0735169234502007	0.496785151037245
