Pos	A	C	G	T
1	0.286860581745237	0.270812437311937	0.193580742226678	0.248746238716148
2	0.3013013013013	0.17217217217217	0.17617617617618	0.35035035035035
3	0.12112112112112	0.38438438438438	0.22822822822823	0.26626626626627
4	0.112224448897799	0.369739478957916	0.380761523046086	0.137274549098199
5	0.48396793587174	0.12925851703407	0.12224448897796	0.26452905811623
6	0.657657657657656	0.0940940940940934	0.0620620620620616	0.186186186186189
7	0.0811623246492987	0.0240480961923849	0.01002004008016	0.884769539078156
8	0.948897795591183	0.00300601202404811	0.00400801603206411	0.0440881763527051
9	0.020040080160321	0.0060120240480962	0.0020040080160321	0.971943887775551
10	0.955911823647295	0.00501002004008022	0.001002004008016	0.0380761523046092
11	0.012012012012012	0.00400400400400401	0.002002002002002	0.981981981981982
12	0.957873620862587	0.0230692076228689	0.00702106318956868	0.012036108324975
13	0.059118236472946	0.025050100200401	0.00701402805611221	0.908817635270541
14	0.530060120240484	0.0270541082164332	0.110220440881761	0.332665330661322
15	0.247494989979962	0.266533066132263	0.198396793587172	0.287575150300603
16	0.0841683366733472	0.702404809619241	0.0981963927855712	0.11523046092184
17	0.160320641282568	0.154308617234468	0.139278557114229	0.546092184368735
18	0.484969939879755	0.154308617234468	0.200400801603208	0.160320641282568
19	0.313313313313311	0.0880880880880882	0.345345345345351	0.25325325325325
20	0.32364729458918	0.14729458917836	0.19138276553106	0.3376753507014
21	0.0842527582748245	0.387161484453362	0.250752256770311	0.277833500501502
