Pos	A	C	G	T
1	0.36413562559694	0.18051575931232	0.27220630372493	0.18314231136581
2	0.43170964660936	0.20057306590258	0.27531041069723	0.0924068767908309
3	0.733046800382044	0.0324737344794652	0.133476599808981	0.101002865329511
4	0.0202960840496659	0.464899713467048	0.479465138490928	0.0353390639923588
5	0.667382999044888	0.00620821394460358	0.0	0.326408787010509
6	0.032951289398281	0.0	0.0	0.967048710601719
7	0.0370105062082139	0.788920725883477	0.174068767908309	0.0
8	1.0	0.0	0.0	0.0
9	0.979703915950334	0.00358166189111752	0.0167144221585481	0.0
10	0.995463228271251	0.0	0.00453677172874881	0.0
11	0.0723495702005728	0.00883476599808977	0.918815663801337	0.0
12	0.247134670487108	0.202722063037248	0.479465138490926	0.0706781279847174
13	0.333810888252147	0.268147086914997	0.288920725883477	0.109121298949379
14	0.425501432664756	0.197230181470868	0.180754536771728	0.196513849092648
