Pos	A	C	G	T
1	0.797387534073653	0.0267100858015771	0.0938877810504754	0.0820145990742943
2	0.0601290534708808	0.895688627676626	0.0381817434548518	0.00600057539764088
3	0.0603674540682407	0.937696312551096	0.00193623338066349	0.0
4	0.000114697313788909	0.0	0.999839423760696	4.58789255155638e-05
5	0.0	0.0	0.998625303578793	0.001374696421207
6	0.998831267044022	0.000481242981873181	0.000435410316932881	0.000252079657171671
7	0.87337942089971	0.0046087566376115	0.00048091373609859	0.12153090872658
8	0.431859287393743	0.0127283414722371	0.553535901609694	0.00187646952432631
9	0.019303191374895	0.24043986313456	0.042738169532376	0.697518775958169
10	0.24416096911852	0.17702932134172	0.42582480613041	0.15298490340935
