Pos	A	C	G	T
1	0.38648707364762	0.102324570932	0.22528785574625	0.28590049967413
2	0.358244623071909	0.0647403867043229	0.506408863784489	0.0706061264392789
3	0.683901803171841	0.0749511188355421	0.14946773843146	0.0916793395611562
4	0.757332174668693	0.0953725830979804	0.0960243319574194	0.0512709102759072
5	0.906582663480339	0.0	0.0934173365196609	0.0
6	0.0916793395611561	0.0	0.877253964805561	0.031066695633283
7	0.158157723223982	0.0238974581794483	0.202042146426242	0.615902672170327
8	0.0458396697805781	0.0	0.954160330219422	0.0
9	1.0	0.0	0.0	0.0
10	0.903975668042581	0.0	0.0934173365196611	0.002606995437758
11	0.976971540299804	0.0	0.00847273517271344	0.0145557245274821
12	0.034542689550293	0.030849446013469	0.909406908537911	0.025200955898327
13	0.02541820551814	0.09950032587443	0.11296980230285	0.76211166630458
14	0.229632848142518	0.108190310666959	0.486421898761675	0.175754942428848
15	0.443623723658484	0.169020204214642	0.211383880078212	0.175972192048662
