Pos	A	C	G	T
1	0.585825968728755	0.0875254928619982	0.149558123725359	0.177090414683888
2	0.763455149501663	0.0757475083056483	0.0354374307862681	0.12535991140642
3	0.13334755707275	0.735438446767659	0.0642201834862389	0.0669938126733519
4	0.0257759074171489	0.906628090478696	0.0675960021041557	0.0
5	0.0325568341285429	0.967443165871457	0.0	0.0
6	0.0	0.0	1.0	0.0
7	0.0	0.0	1.0	0.0
8	0.998262380538662	0.0	0.001737619461338	0.0
9	0.982891360136869	0.00028514399771885	0.0	0.016823495865412
10	0.135189365437671	0.0	0.864559819413094	0.000250815149235011
11	0.00899470899470902	0.0791005291005292	0.0	0.911904761904762
12	0.30237957051654	0.19036564132327	0.39291932675566	0.11433546140453
