Pos	A	C	G	T
1	0.23052931741223	0.1234182855106	0.5084655141686	0.13758688290857
2	0.0421905324445192	0.0108851573706861	0.446797738587462	0.500126571597333
3	0.00636604774535807	0.992219274977896	0.0010610079575597	0.000353669319186558
4	0.957181849198226	0.00742067553735927	0.0211531900375299	0.0142442852268849
5	0.0	0.991517936031101	0.002650644990281	0.00583141897861811
6	0.0028371309513255	0.00017732068445784	0.994946360492951	0.0020391878712652
7	0.00669157903884591	0.00677848266272701	0.011297471104545	0.975232467193882
8	0.0012394864984506	0.0	0.993536963258079	0.00522355024347059
9	0.475179471513671	0.381854284405071	0.0367343821597681	0.10623186192149
10	0.12894314738906	0.2607378363928	0.26955979326323	0.34075922295491
