Pos	A	C	G	T
1	0.156637833772092	0.186912373072582	0.392252726588944	0.264197066566383
2	0.286761940579169	0.11132004512975	0.509025949605109	0.0928920646859718
3	0.537984204588192	0.010342233922527	0.437758555848062	0.0139150056412191
4	0.0	0.0	0.0	1.0
5	0.0	0.0	1.0	0.0
6	0.954306130124107	0.00959007145543437	0.0361037984204589	0.0
7	0.0	0.617901466716813	0.345618653629182	0.0364798796540052
8	0.0	0.0	0.0	1.0
9	0.038548326438511	0.961451673561489	0.0	0.0
10	1.0	0.0	0.0	0.0
11	0.0	0.26306882286574	0.36348251222264	0.37344866491162
