Pos	A	C	G	T
1	0.14483493077742	0.19701810436635	0.45154419595314	0.20660276890309
2	0.0825346112886046	0.271565495207669	0.645899893503727	0.0
3	0.0	0.00585729499467523	0.994142705005325	0.0
4	0.0	1.0	0.0	0.0
5	0.0	0.0	1.0	0.0
6	0.014376996805112	0.1160809371672	0.869542066027688	0.0
7	0.00798722044728431	0.021831735889244	0.970181043663472	0.0
8	0.960063897763578	0.0	0.0399361022364219	0.0
9	0.66719914802982	0.0	0.33280085197018	0.0
10	0.379126730564429	0.18583599574015	0.383386581469649	0.0516506922257719
11	0.2678381256656	0.20926517571885	0.32800851970181	0.19488817891374
