Pos	A	C	G	T
1	0.18742586002372	0.2502965599051	0.44187425860024	0.12040332147094
2	0.151838671411628	0.241992882562278	0.470937129300115	0.135231316725979
3	0.202846975088968	0.237841043890868	0.425266903914586	0.134045077105579
4	0.36773428232503	0.19276393831554	0.32858837485172	0.11091340450771
5	0.297153024911032	0.0587188612099643	0.575919335705813	0.0682087781731913
6	0.16844602609727	0.0	0.70937129300119	0.12218268090154
7	0.34282325029656	0.0	0.65717674970344	0.0
8	0.01779359430605	0.0	0.98220640569395	0.0
9	0.0	0.0	1.0	0.0
10	0.137603795966789	0.759193357058122	0.0	0.103202846975089
11	0.025504151838671	0.0	0.974495848161329	0.0
12	0.0	0.00415183867141159	0.995848161328588	0.0
13	0.14650059311981	0.000593119810201661	0.822064056939502	0.0308422301304861
14	0.343416370106758	0.152431791221829	0.481020166073548	0.0231316725978649
15	0.145314353499409	0.609727164887306	0.150059311981019	0.0948991696322654
