Pos	A	C	G	T
1	0.329039727910848	0.0329256820319848	0.479991316303638	0.158043273753529
2	0.22874303495188	0.05275345538751	0.71850350966061	0.0
3	0.00383529922570367	0.185831102105799	0.0539112815688536	0.756422317099644
4	0.0	1.0	0.0	0.0
5	1.0	0.0	0.0	0.0
6	0.0	1.0	0.0	0.0
7	0.548954338229973	0.0991388667776255	0.351906794992402	0.0
8	0.0	0.0	0.0	1.0
9	0.0	0.0	1.0	0.0
10	0.42875750777914	0.13814313626167	0.32491497213981	0.10818438381938
11	0.0466748679354514	0.515594471379985	0.150010854620451	0.287719806064113
