Pos	A	C	G	T
1	0.558397683397683	0.327702702702702	0.0453667953667953	0.0685328185328194
2	0.0	0.938861985472155	0.0169491525423731	0.0441888619854722
3	0.0694444444444437	0.0	0.878295668549906	0.0522598870056498
4	0.003708281829419	0.96291718170581	0.015451174289246	0.017923362175525
5	0.0149439601494401	0.967621419676214	0.00933997509339984	0.00809464508094653
6	0.0	0.823331463825012	0.0213123948401571	0.15535614133483
7	0.939606126914661	0.0481400437636761	0.011378555798687	0.000875273522975931
8	0.0	0.984355444305381	0.0012515644555695	0.014392991239049
9	0.024588262584087	0.0	0.93574576664347	0.039665970772443
10	0.0023201856148492	0.919373549883991	0.011600928074246	0.066705336426914
11	0.605244755244757	0.0548951048951047	0.189510489510489	0.150349650349649
