Pos	A	C	G	T
1	0.10524316109422	0.40843465045593	0.30015197568389	0.18617021276596
2	0.0308430431802601	0.0	0.966072652501714	0.00308430431802601
3	0.001354096140826	0.011171293161814	0.00507786052809751	0.982396750169263
4	0.015682349015682	0.0326993660326991	0.00333667000333671	0.948281614948282
5	0.30194924604634	0.02979036410445	0.616035307098199	0.052225082751011
6	0.0012057877813505	0.955787781350482	0.015273311897106	0.0277331189710611
7	0.000350754121360931	0.742897229042442	0.00245527884952651	0.254296737986671
8	0.885678910441601	0.017333883615353	0.019397441188609	0.0775897647544371
9	0.046541693600517	0.018099547511312	0.0071105365223012	0.92824822236587
10	0.2495894909688	0.0036124794745484	0.74417077175698	0.0026272577996716
11	0.0500875656742561	0.016812609457093	0.933099824868651	0.0
12	0.0515769944341369	0.598515769944339	0.022634508348794	0.32727272727273
13	0.933218440327445	0.00430848772080998	0.0426540284360188	0.0198190435157259
14	0.979573712255773	0.00932504440497342	0.00710479573712262	0.00399644760213141
15	0.010466988727858	0.957729468599034	0.00483091787439612	0.0269726247987121
16	0.18167518678726	0.34998033818325	0.35587888320881	0.11246559182068
