Pos	A	C	G	T
1	0.53563620463489	0.046786182772191	0.15784871010057	0.25972890249235
2	0.208132925229559	0.268036729339748	0.0170529077393969	0.506777437691296
3	0.9991254919108	0.0	0.00087450808919983	0.0
4	0.0	0.0	0.013117621337997	0.986882378662003
5	0.00699606471359861	0.0	0.993003935286401	0.0
6	0.0577175338871878	0.873196327066027	0.0	0.0690861390467857
7	1.0	0.0	0.0	0.0
8	0.88718845649322	0.0	0.00087450808919983	0.11193703541758
9	1.0	0.0	0.0	0.0
10	0.10975076519458	0.000437254044599911	0.00830782684739832	0.881504153913422
11	0.19326628771316	0.18146042850896	0.36073458679493	0.26453869698295
12	0.39265413205072	0.25929164844775	0.11630957586358	0.23174464363795
13	0.365107127240934	0.175776125929162	0.277656318320943	0.181460428508962
