Pos	A	C	G	T
1	0.14758092586147	0.38879220327184	0.15419422206753	0.30943264879916
2	0.17124956491472	0.35781413156979	0.25095718760877	0.21997911590672
3	0.319178558997563	0.238426731639402	0.273233553776543	0.169161155586492
4	0.0654368256178211	0.289940828402371	0.0971110337626172	0.547511312217191
5	0.0	0.0	0.0	1.0
6	0.0	0.0	0.0	1.0
7	0.0	0.984336930038288	0.0	0.015663069961712
8	0.0020884093282283	0.742777584406541	0.0	0.25513400626523
9	0.0598677340758791	0.425687434737211	0.00974591019839892	0.504698920988511
10	0.3491124260355	0.02506091193874	0.51896971806474	0.10685694396102
11	0.0	0.00417681865645667	0.775844065436825	0.219979115906718
12	0.806822137138883	0.184128089105461	0.0	0.00904977375565614
13	0.995127044900801	0.0	0.00069613644274278	0.0041768186564567
14	0.403411068569439	0.168465019143749	0.354681517577449	0.0734423947093628
