Pos	A	C	G	T
1	0.0	0.34061418685121	0.17387543252595	0.48551038062284
2	0.0	0.0	0.983996539792388	0.016003460207612
3	0.0	0.924524221453287	0.0754757785467128	0.0
4	0.0618512110726638	0.0	0.938148788927336	0.0
5	0.0	1.0	0.0	0.0
6	0.798659169550175	0.114186851211071	0.0871539792387545	0.0
7	0.0676903114186853	0.202205882352941	0.402681660899652	0.327422145328722
8	0.0302768166089971	0.10121107266436	0.868512110726643	0.0
9	0.0	0.91673875432526	0.040873702422145	0.042387543252595
10	0.0	0.0	0.86526816608997	0.13473183391003
11	0.0	0.788711072664356	0.0810986159169546	0.130190311418689
