Pos	A	C	G	T
1	0.0	0.470588235294119	0.460784313725489	0.0686274509803919
2	0.34313725490196	0.25490196078431	0.12745098039216	0.27450980392157
3	0.0	0.13725490196078	0.86274509803922	0.0
4	0.34313725490196	0.0	0.54901960784314	0.1078431372549
5	0.0	1.0	0.0	0.0
6	0.0	0.0	1.0	0.0
7	0.225490196078432	0.637254901960786	0.0	0.137254901960781
8	0.0	0.69607843137255	0.30392156862745	0.0
9	0.2843137254902	0.0	0.7156862745098	0.0
10	0.2843137254902	0.38235294117647	0.33333333333333	0.0
11	0.1078431372549	0.51960784313725	0.24509803921569	0.12745098039216
12	0.2843137254902	0.0	0.7156862745098	0.0
13	0.11764705882353	0.47058823529412	0.26470588235294	0.14705882352941
14	0.31372549019608	0.33333333333333	0.15686274509804	0.19607843137255
15	0.1078431372549	0.27450980392157	0.61764705882353	0.0
