Pos	A	C	G	T
1	0.164539007092198	0.377304964539006	0.330496453900707	0.127659574468089
2	0.52765957446809	0.15460992907801	0.20567375886525	0.11205673758865
3	0.446808510638301	0.0609929078014182	0.465248226950351	0.0269503546099291
4	0.35744680851064	0.19290780141844	0.3290780141844	0.12056737588652
5	0.0765957446808509	0.2	0.13333333333333	0.590070921985819
6	0.269503546099289	0.638297872340428	0.0808510638297868	0.011347517730496
7	0.0652482269503553	0.167375886524821	0.113475177304961	0.653900709219863
8	0.0	1.0	0.0	0.0
9	0.0496453900709222	0.0	0.947517730496454	0.00283687943262411
10	0.00425531914893621	0.946099290780142	0.0	0.0496453900709221
11	0.0	0.0	1.0	0.0
12	0.852482269503549	0.00709219858156029	0.12624113475177	0.014184397163121
13	0.00992907801418435	0.0156028368794329	0.934751773049645	0.0397163120567378
14	0.852482269503546	0.0453900709219858	0.0936170212765956	0.00851063829787226
15	0.31347517730496	0.20709219858156	0.36312056737589	0.11631205673759
