Pos	A	C	G	T
1	0.16991081814657	0.37502908103916	0.23303606048856	0.22202404032571
2	0.282435052345867	0.226832105467238	0.187359441644048	0.303373400542847
3	0.13043815432338	0.29554090732842	0.42861574253587	0.14540519581233
4	0.0	1.0	0.0	0.0
5	1.0	0.0	0.0	0.0
6	0.0	0.14649088794106	0.83924001550989	0.01426909654905
7	0.0	0.999379604497867	0.0	0.000620395502132608
8	0.0	0.0	0.0	1.0
9	0.0	0.0	1.0	0.0
10	0.0	0.306397828615741	0.00961613028305545	0.683986041101203
11	0.0013183404420318	0.397285769678169	0.12291585886002	0.478480031019779
