Pos	A	C	G	T
1	0.371773169699534	0.197206940330092	0.212759204401182	0.218260685569192
2	0.344794752433351	0.16197630131189	0.405205247566651	0.0880236986881082
3	0.496826068556922	0.010791366906475	0.403195090986032	0.0891874735505714
4	0.116694879390609	0.0212653406686419	0.791366906474816	0.0706728734659326
5	0.205670757511639	0.0754337706305537	0.349238256453659	0.369657215404148
6	0.1598603470165	0.30363944138807	0.24111299195937	0.29538721963606
7	0.0	0.933876428269149	0.023381294964029	0.042742276766822
8	0.98846804909014	0.0058188743123149	0.0057130765975455	0.0
9	0.834638171815492	0.00867541261108762	0.15668641557342	0.0
10	0.895471857807871	0.0	0.0992382564536611	0.005289885738468
11	0.010473973762167	0.000634786288616167	0.962547608971646	0.0263436309775709
12	0.0342784595852733	0.0151290732120191	0.383410918324163	0.567181548878545
13	0.0238044858231061	0.458950486669492	0.11711807024968	0.400126957257722
14	0.016821836648328	0.886267456622937	0.00899280575539567	0.0879179009733388
15	0.717837494710111	0.0840033855268732	0.0588235294117651	0.13933559035125
