Pos	A	C	G	T
1	0.31490679003946	0.26864199210777	0.28017417335692	0.13627704449585
2	0.740815076881209	0.052320043543339	0.19808817526194	0.00877670431351199
3	0.0	0.0	0.0	1.0
4	0.0	0.0	1.0	0.0
5	1.0	0.0	0.0	0.0
6	0.105898761736289	0.381208327663628	0.478942713294327	0.0339501973057558
7	0.0	0.0	0.0	1.0
8	0.0778337188733163	0.922166281126684	0.0	0.0
9	1.0	0.0	0.0	0.0
10	0.0307184650972919	0.368791672336369	0.346203565110899	0.25428629745544
11	0.37824874132535	0.32950061232821	0.024220982446591	0.26802966389985
