Pos	A	C	G	T
1	0.27992167740883	0.22799216774088	0.20408746022681	0.28799869462348
2	0.168964673247938	0.265684914742597	0.448723178591825	0.116627233417639
3	0.0	1.0	0.0	0.0
4	0.993432324386065	0.0	0.0	0.00656767561393487
5	0.0	0.262013543281391	0.737211389410132	0.000775067308476793
6	0.0	1.0	0.0	0.0
7	0.0	0.0	0.0	1.0
8	0.0	0.0	1.0	0.0
9	0.000367137146120581	0.370686138533081	0.0266786326180961	0.602268091702702
10	0.00065268825976993	0.44913110875418	0.11850371216448	0.43171249082157
11	0.239087868156972	0.309659786244593	0.242514481520762	0.208737864077672
12	0.0780370400587426	0.474096434690384	0.176185037121641	0.271681488129232
13	0.168434364036878	0.312352125316147	0.180427510810148	0.338785999836827
