Pos	A	C	G	T
1	0.28811386075138	0.26836773945378	0.17861264264649	0.26490575714835
2	0.327477881779717	0.253622259264008	0.386459802538787	0.0324400564174887
3	0.000636780438104938	0.993250127356088	0.00267447784004079	0.00343861436576669
4	0.98921867072552	0.00088787417554541	0.004439370877727	0.0054540842212075
5	0.0	0.0562681510164572	0.943731848983543	0.0
6	0.0338422120209248	0.133553966051029	0.832603821928046	0.0
7	0.00242873577911291	0.0	0.000639140994503392	0.996932123226384
8	0.0	0.0	1.0	0.0
9	0.0273111937427881	0.364405693037571	0.16938068983203	0.438902423387611
10	0.23579946146942	0.13001666880369	0.2722143864598	0.36196948326709
