Pos	A	C	G	T
1	0.690771558245087	0.0405446293494704	0.128290468986381	0.140393343419061
2	0.11319432276152	0.80007008936394	0.069738917119327	0.016996670755213
3	0.121438133486329	0.873207114170966	0.00420730541212468	0.0011474469305795
4	0.000218962119553319	0.0	0.999781037880447	0.0
5	0.0	0.000217580504786769	0.993472584856397	0.00630983463881638
6	0.99412148922273	0.0043544524276072	0.0	0.0015240583496625
7	0.76907529055078	0.020043793161529	0.0011790466565606	0.20970186963113
8	0.423945462292287	0.0213037920749889	0.548785683851727	0.00596506178099696
9	0.020620108368453	0.23871161950632	0.053431667670078	0.687236604455149
10	0.22032413491021	0.24091108190977	0.36530880420499	0.17345597897503
