Pos	A	C	G	T
1	0.168146503884572	0.0549389567147615	0.582408435072145	0.194506104328522
2	0.925399644760212	0.000296033155713441	0.0597986974541152	0.014505624629959
3	0.0	1.0	0.0	0.0
4	0.801305705364746	0.00227079193868859	0.175134828271359	0.0212886744252059
5	0.0819112627986346	0.000426621160409558	0.0	0.917662116040956
6	0.0	0.0	1.0	0.0
7	0.019693654266958	0.021006564551422	0.0	0.95929978118162
8	0.0148124803025531	0.671919319256222	0.000315159155373461	0.312953041285851
9	0.252898108602809	0.505186089078709	0.20774862721171	0.0341671751067719
10	0.0040498442367601	0.64485981308411	0.14890965732087	0.20218068535826
11	0.630749437118045	0.00836281762624647	0.329688002573173	0.0311997426825353
12	0.968309859154929	0.0	0.027208706786172	0.0044814340588988
13	0.0	1.0	0.0	0.0
14	0.764457439896038	0.0	0.010721247563353	0.224821312540609
15	0.001719690455718	0.032674118658641	0.0	0.965606190885641
16	0.0	0.0	1.0	0.0
17	0.0085089141004862	0.074959481361426	0.00040518638573744	0.91612641815235
18	0.0422173274596182	0.366005873715122	0.00954478707782675	0.582232011747433
