Pos	A	C	G	T
1	0.300090661831369	0.334542157751589	0.0879419764279237	0.277425203989119
2	0.26699909338169	0.17724388032638	0.36763372620127	0.18812330009066
3	0.262919310970081	0.362194016319132	0.0752493200362654	0.299637352674522
4	0.15956482320943	0.14233907524932	0.39664551223935	0.3014505893019
5	0.041704442429737	0.52130553037171	0.40480507706256	0.032184950135993
6	0.0276518585675429	0.00997280145058928	0.962375339981868	0.0
7	0.0049864007252947	0.99365367180417	0.0013599274705349	0.0
8	0.0	0.0	1.0	0.0
9	0.0	0.56165004533092	0.43834995466908	0.0
10	0.0602901178603809	0.28467815049864	0.655031731640979	0.0
11	0.950135992747053	0.0249320036264731	0.00815956482320943	0.0167724388032641
12	0.911604714415231	0.011786038077969	0.0707162284678151	0.00589301903898461
13	0.64551223934723	0.062103354487761	0.080235720761559	0.21214868540345
14	0.315503173164099	0.0970081595648227	0.0775158658204898	0.509972801450588
15	0.144605621033541	0.176337262012692	0.159564823209432	0.519492293744335
