Pos	A	C	G	T
1	0.13876889848812	0.35799136069114	0.26025917926566	0.24298056155508
2	0.359071274298056	0.177105831533478	0.200863930885528	0.262958963282937
3	0.0820734341252692	0.305615550755937	0.235421166306698	0.376889848812096
4	0.0	0.0	0.0	1.0
5	0.00701943844492437	0.0	0.0	0.992980561555076
6	0.0658747300215977	0.907127429805616	0.0	0.0269978401727859
7	0.037796976241901	0.650107991360689	0.0	0.31209503239741
8	0.3585313174946	0.01133909287257	0.1182505399568	0.51187904967603
9	0.177105831533479	0.288336933045358	0.484881209503237	0.0496760259179266
10	0.622570194384452	0.0016198704103672	0.224622030237581	0.1511879049676
11	0.014038876889849	0.0	0.969762419006479	0.016198704103672
12	1.0	0.0	0.0	0.0
13	0.998380129589633	0.0	0.0016198704103672	0.0
14	0.335313174946	0.29157667386609	0.21490280777538	0.15820734341253
15	0.18628509719222	0.2645788336933	0.1268898488121	0.42224622030238
