Pos	A	C	G	T
1	0.385579820677854	0.176680680084822	0.200732914170912	0.237006585066412
2	0.44467800141374	0.15673946203356	0.20480672644072	0.19377581011198
3	0.538561702444289	0.0653298113769109	0.13313367312772	0.26297481305108
4	0.551117973138883	0.0353063730049482	0.0746679563971874	0.338907697458982
5	0.491982588637972	0.0484207001748582	0.0622977045276982	0.397299006659472
6	0.311358309460917	0.174188027828418	0.141820752260129	0.372632910450536
7	0.072379924848395	0.013877004352841	0.0070873172365043	0.90665575356226
8	0.0010603073030991	0.0	0.998939692696901	0.0
9	0.11224375906842	0.880557312400012	0.0	0.00719892853156742
10	0.0080174113620298	0.0	0.0	0.99198258863797
11	0.0	0.0	0.939767104430968	0.0602328955690319
12	0.969623125860337	0.00582238922578958	0.00598980616838418	0.0185646787454889
13	0.0582610960229181	0.478477621935341	0.304903456229771	0.15835782581197
14	0.192789910338929	0.10932326351427	0.0890844153428327	0.608802410803968
15	0.21020127236876	0.40356784106552	0.11211354589084	0.27411734067488
16	0.519755199226165	0.0478068380520114	0.197458982849062	0.234978979872762
17	0.16494289222069	0.04012426057517	0.55018787901336	0.24474496819078
18	0.148610439376461	0.499441943524685	0.230458722422712	0.121488894676141
