Pos	A	C	G	T
1	0.1553002953725	0.0192320315064	0.727141450607152	0.0983262225139482
2	0.30167377748605	0.0	0.69832622251395	0.0
3	0.729766983918612	0.0	0.183918608467341	0.0863144076140473
4	0.0297341647522151	0.0	0.907056120774533	0.0632097144732522
5	0.0663603544469974	0.114079422382671	0.816803413193305	0.00275680997702662
6	0.913619954053167	0.0361667213652769	0.00282244830981289	0.0473908762717429
7	0.102986544141779	0.0553987528716766	0.738562520511975	0.103052182474569
8	0.10187069248441	0.0936659008861173	0.751624548736462	0.0528388578930102
9	0.532523793895638	0.0635379061371838	0.361864128651129	0.0420741713160489
10	0.336855923859532	0.101279947489331	0.462225139481462	0.0996389891696755
11	0.203216278306531	0.0701673777486054	0.621660649819493	0.104955694125371
12	0.433081719724318	0.0387266163439449	0.441745979652118	0.0864456842796187
13	0.274040039382999	0.0406957663275348	0.584378076796847	0.100886117492619
14	0.269510994420741	0.10620282244831	0.593501805054152	0.0307843780767971
15	0.52136527732196	0.06235641614703	0.31375123071874	0.10252707581227
16	0.250935346242208	6.56383327863466e-05	0.634000656383326	0.114998359041679
17	0.205579258286839	0.0	0.751165080406958	0.0432556613062029
18	0.545126353790611	0.0	0.386741056777161	0.0681325894322281
19	0.343025927141449	0.01437479488021	0.585690843452578	0.0569084345257628
20	0.266951099442072	0.0426649163111263	0.644502789629145	0.0458811946176573
21	0.476796849360028	0.0595339678372167	0.403085001640958	0.0605841811617977
