Pos	A	C	G	T
1	0.24372384937238	0.17364016736402	0.19665271966527	0.38598326359833
2	0.164225941422592	0.121338912133891	0.516736401673645	0.197698744769872
3	0.139121338912131	0.658995815899586	0.0962343096234319	0.105648535564851
4	0.126569037656902	0.222803347280333	0.00732217573221769	0.643305439330548
5	0.0397489539748952	0.183054393305441	0.105648535564851	0.671548117154813
6	0.00418410041841001	0.011506276150628	0.0	0.984309623430962
7	0.0	0.85146443514644	0.0	0.14853556485356
8	0.0209205020920501	0.422594142259412	0.0899581589958164	0.466527196652722
9	1.0	0.0	0.0	0.0
10	0.14330543933054	0.0	0.85669456066946	0.0
11	0.027196652719665	0.02510460251046	0.9163179916318	0.031380753138075
12	0.879707112970711	0.031380753138075	0.0836820083682011	0.00523012552301261
13	0.911087866108787	0.0292887029288699	0.0230125523012549	0.0366108786610879
14	0.365062761506276	0.256276150627617	0.178870292887028	0.199790794979078
