Pos	A	C	G	T
1	0.18387796973031	0.1888436264161	0.32235140198032	0.30492700187327
2	0.757842466771732	0.0715708721120391	0.16264755731319	0.00793910380303892
3	0.0	0.0	0.0	1.0
4	0.0	0.00419256043531269	0.734352234545508	0.261455205019179
5	0.88299485593649	0.0	0.11700514406351	0.0
6	0.0	0.793404894293956	0.0542356754185134	0.152359430287531
7	0.44417353037376	0.24640956260593	0.30941690702031	0.0
8	0.0	0.0	0.0	1.0
9	0.00356813654069159	0.996431863459308	0.0	0.0
10	1.0	0.0	0.0	0.0
11	0.0	0.24129523356427	0.0050251256281407	0.753679640807589
12	0.0535815170527191	0.468645000148671	0.0729089233147991	0.404864559483811
13	0.28021765632898	0.24114656120841	0.14379590258987	0.33483987987274
14	0.245190449287861	0.259314323094761	0.0959828729446055	0.399512354672772
15	0.293211620231333	0.237756831494752	0.128631322291931	0.340400225981983
