Pos	A	C	G	T
1	0.248900859508059	0.0996356002693387	0.610191309858598	0.0412722303640039
2	0.410275631415061	0.00384423173028871	0.584438549955792	0.0014415868988583
3	0.0028470856196294	0.0019929599337406	0.991044621596438	0.00411533285019149
4	0.00322029763356921	0.00175652598194681	0.888363015369604	0.10666016101488
5	0.00114288493337221	0.00265052037739521	0.00904581266413775	0.987160782025095
6	0.0020334577166576	0.92956270177351	0.01209592889187	0.056307911617962
7	0.99586171221657	0.0010992326924735	0.0025864298646435	0.00045262522631261
8	0.972359434732185	0.00191142992139509	0.0178256947725609	0.00790344057385846
9	0.968732611394085	0.00156229936223941	0.0292984633822711	0.000406625861404792
10	0.000976000400410415	0.00177682124177279	0.995970870141895	0.00127630821592129
11	0.00151195161754821	0.00203993472208891	0.916410674858404	0.0800374388019584
12	0.0010920281941825	0.0028293457758364	0.00662662563288001	0.989452000397101
13	0.0013733868154866	0.952345657481688	0.00758632717125919	0.0386946285315659
14	0.943841003294718	0.00335848655542569	0.0520140291210539	0.000786481028802208
