Pos	A	C	G	T
1	0.31084337349398	0.0285140562249	0.23012048192771	0.43052208835341
2	0.19397590361446	0.0	0.80602409638554	0.0
3	0.1855421686747	0.0	0.0630522088353409	0.751405622489959
4	0.88473895582329	0.11526104417671	0.0	0.0
5	1.0	0.0	0.0	0.0
6	1.0	0.0	0.0	0.0
7	0.0	1.0	0.0	0.0
8	1.0	0.0	0.0	0.0
9	0.316465863453819	0.0839357429718877	0.564658634538148	0.0349397590361449
10	0.13333333333333	0.302008032128511	0.513654618473902	0.0510040160642572
11	0.50883534136546	0.19196787148594	0.11124497991968	0.18795180722892
