Pos	A	C	G	T
1	0.15855330819335	0.17740829619472	0.0666780939321219	0.597360301679809
2	0.0762183483903805	0.149128387835601	0.742333630232855	0.0323196335411632
3	0.00550267697798926	0.867638310529444	0.110350981558599	0.0165080309339679
4	0.002655601659751	0.968298755186722	0.0019917012448133	0.027053941908714
5	0.00291345329905739	0.558868894601539	0.0584404455869749	0.379777206512429
6	0.0474802879670891	0.29173808707576	0.24854302365444	0.41223860130271
7	0.320020569077819	0.227459718889269	0.364072677408299	0.0884470346246136
8	0.311910882604971	0.0658097686375322	0.615938303341902	0.00634104541559552
9	0.020207080828323	0.001503006012024	0.974281897127589	0.0040080160320641
10	0.00775547445255473	0.0944343065693434	0.887165450121654	0.010644768856448
11	0.01626872659176	0.68281835205993	0.19815074906367	0.10276217228464
12	0.48165923894412	0.05279396640384	0.24460061707233	0.22094617757971
