Pos	A	C	G	T
1	0.05132691746865	0.52347623213765	0.27879848352289	0.14639836687081
2	0.0979877515310581	0.240594925634298	0.000874890638670162	0.660542432195974
3	0.0408282298046081	0.0	0.12569262175561	0.833479148439782
4	0.011081948089822	0.0	0.988918051910178	0.0
5	1.0	0.0	0.0	0.0
6	0.0	0.0	1.0	0.0
7	0.27879848352289	0.0	0.0017497812773403	0.71945173519977
8	0.0	0.0	1.0	0.0
9	0.0046660834062409	0.37678623505395	0.51822688830563	0.10032079323418
10	0.14231554389035	0.427821522309709	0.0559930008748909	0.37386993292505
11	0.143190434529019	0.239428404782738	0.0953630796150472	0.522018081073196
