Pos	A	C	G	T
1	0.52624212736179	0.12421273617915	0.24912526242127	0.10041987403779
2	0.782683684028976	0.0438082097274918	0.147982062780269	0.0255260434632629
3	0.856841470765522	0.00421940928270041	0.00723327305605791	0.13170584689572
4	0.723736372646185	0.00297324083250742	0.00247770069375622	0.270812685827552
5	0.62554838709677	0.0056774193548387	0.007741935483871	0.36103225806452
6	0.13922829581994	0.0	0.20996784565916	0.6508038585209
7	0.011635423400129	0.177763413057531	0.779250161603103	0.0313510019392371
8	0.0	0.0	1.0	0.0
9	0.0	0.999247743229689	0.000752256770310929	0.0
10	0.0	0.0	1.0	0.0
11	0.0	0.999225606608157	0.000774393391843058	0.0
12	0.0289043244454401	0.842706699529464	0.116513555904101	0.0118754201209951
13	0.47510770703686	0.34777405457157	0.0	0.17711823839157
14	0.171386539168811	0.0169179845531451	0.0	0.811695476278044
15	0.0738066586442037	0.0	0.0	0.926193341355796
16	0.0955492037566354	0.00530828909759092	0.0	0.899142507145774
17	0.014040561622465	0.22035881435257	0.017940717628705	0.74765990639626
18	0.15113636363636	0.22272727272727	0.10757575757576	0.51856060606061
