Pos	A	C	G	T
1	0.518506333278498	0.0443987497943738	0.152804737621319	0.284290179305809
2	0.544842901793056	0.0259088665898998	0.0860174370784664	0.343230794538578
3	0.467116302023359	0.020858693864122	0.0651751932883699	0.446849810824149
4	0.29101825958217	0.16208257937161	0.16079947359763	0.38609968744859
5	0.0405658825464708	0.0	0.00707353183089317	0.952360585622636
6	0.0	0.000789603553215993	0.999210396446784	0.0
7	0.0863793387070236	0.913620661292976	0.0	0.0
8	0.0	0.0	0.0	1.0
9	0.0	0.0	0.956094752426386	0.0439052475736138
10	0.995706530679388	0.0	0.00429346932061189	0.0
11	0.0617535778911003	0.481510116795525	0.286757690409607	0.169978614903768
12	0.21602237210067	0.13211054449745	0.07998025991117	0.57188682349071
13	0.21075834841257	0.35104457970061	0.15250863628886	0.28568843559796
14	0.466968251357133	0.0639249876624444	0.218424082908371	0.250682678072052
15	0.155601250205629	0.0746668860009865	0.487974995887477	0.281756867905908
