Pos	A	C	G	T
1	0.416081186572988	0.0983606557377045	0.385636221701798	0.0999219359875095
2	0.37354085603113	0.36575875486381	0.22762645914397	0.033073929961089
3	0.0292177191328929	0.967954759660698	0.000942507068803018	0.001885014137606
4	0.970699432892249	0.0047258979206049	0.0037807183364839	0.020793950850662
5	0.0	0.0	0.0672116257947319	0.932788374205268
6	0.863025210084037	0.114285714285711	0.00840336134453787	0.0142857142857141
7	0.0	0.03145235892692	0.01850138760407	0.95004625346901
8	0.0	0.00742804085422467	0.953574744661096	0.0389972144846798
9	0.0204479065238559	0.145082765335929	0.325219084712758	0.509250243427457
10	0.0494137353433841	0.311557788944721	0.0904522613065333	0.548576214405362
