Pos	A	C	G	T
1	0.465622663088904	0.220252496370912	0.276338362732592	0.0377864778075923
2	0.0014469241899417	0.0014907703775157	0.00035076950059192	0.996711535931951
3	0.000678940852270459	0.00055912776069332	0.0908981988098569	0.907863732577179
4	0.437130059190529	0.0013597824348104	0.472044472884339	0.0894656854903218
5	0.015373782419904	0.889253999921761	0.00864530767124361	0.0867269099870911
6	0.12900271121858	0.02033413937129	0.832857038176892	0.017806111233238
7	0.0922363762455743	0.829725882395883	0.00010950104025988	0.0779282403182832
8	0.972408777858579	0.027206228344099	0.00038499379732215	0.0
9	0.999208791208791	0.000395604395604401	0.0	0.000395604395604401
10	0.0065049521571261	0.4455682390465	0.039449387275474	0.5084774215209
