Pos	A	C	G	T
1	0.11117969292493	0.42056940050922	0.28192269115037	0.18632821541548
2	0.0214822024471639	6.95216907675187e-05	0.977961624026696	0.000486651835372638
3	0.0016111167052663	0.00251736985197869	0.001409727117108	0.994461786325647
4	0.104334148898989	0.0837119888150994	0.00227193289059768	0.809681929395314
5	0.300321498462401	0.0247414034106791	0.579955269779142	0.0949818283477774
6	0.00019719976336028	0.859462301978571	0.00841385657003881	0.13192664168803
7	0.00013111315064901	0.794086796905729	0.00045889602727154	0.20532319391635
8	0.975961190355514	0.00209977554123521	0.00637173267685183	0.0155673014263991
9	0.0182902584493039	0.00646123260437378	0.00377733598409539	0.971471172962227
10	0.21540810484127	0.00031808639226414	0.78414657420956	0.00012723455690566
11	0.0988415419009554	0.00630038615269973	0.894045118894384	0.000812953051961253
12	0.0877782758105485	0.599581652472733	0.0177050649932771	0.294935006723441
13	0.812146800909387	0.000909386164339066	0.0576810652809348	0.129262747645339
14	0.994251221615407	0.0010060362173038	0.00273066973268179	0.00201207243460759
15	0.000562113546936482	0.979623383923553	0.000843170320404722	0.0189713322091061
16	0.17417238294065	0.30137190575604	0.42148821950492	0.10296749179839
