Pos	A	C	G	T
1	0.174418604651161	0.0	0.0639534883720934	0.761627906976745
2	0.0639534883720931	0.0	0.895348837209302	0.0406976744186051
3	0.965116279069768	0.00581395348837209	0.0	0.0290697674418599
4	0.0	0.0	0.00581395348837209	0.994186046511628
5	0.0523255813953489	0.0	0.0348837209302329	0.912790697674418
6	0.0290697674418601	0.0465116279069771	0.337209302325581	0.587209302325582
7	1.0	0.0	0.0	0.0
8	0.0	0.0465116279069769	0.0174418604651159	0.936046511627907
9	0.0988372093023264	0.0	0.680232558139533	0.220930232558141
10	0.261627906976741	0.0290697674418601	0.639534883720933	0.0697674418604654
11	0.023255813953488	0.470930232558141	0.308139534883721	0.19767441860465
