Pos	A	C	G	T
1	0.015574118646468	0.0985416961631038	0.20982585303695	0.676058332153479
2	0.0247076574877401	0.0639381365522442	0.010750660128253	0.900603545831763
3	0.0063266871165644	0.91545245398773	0.077453987730061	0.00076687116564417
4	0.999163004812722	0.0	0.000836995187277672	0.0
5	0.999163004812722	0.0	0.000836995187277672	0.0
6	0.000208855472013369	0.000626566416040098	0.997284878863826	0.00187969924812029
7	0.0	0.000418410041840999	0.998953974895398	0.000627615062761508
8	0.0012386457473163	0.00227085053674651	0.010734929810074	0.985755573905863
9	0.0	0.949681782020684	0.0419649960222752	0.00835322195704064
10	0.940701339637509	0.0011820330969267	0.057722616233255	0.0003940110323089
11	0.15479681608714	0.0733137829912019	0.011520737327189	0.760368663594469
