Pos	A	C	G	T
1	0.425669436749774	0.161588180978762	0.132040627885501	0.280701754385963
2	0.826408125577098	0.0313942751615879	0.0304709141274239	0.11172668513389
3	0.0970488081725314	0.694665153234963	0.125425652667421	0.0828603859250853
4	0.0733568075117371	0.751173708920191	0.17077464788732	0.00469483568075121
5	0.11238997968856	0.872037914691941	0.010832769126608	0.004739336492891
6	0.0013689253935661	0.000684462696783031	0.997946611909651	0.0
7	0.0	0.0	1.0	0.0
8	0.992623814541623	0.00421496311907271	0.0010537407797682	0.00210748155953641
9	0.976165803108808	0.010362694300518	0.00932642487046629	0.00414507772020729
10	0.125637755102041	0.0184948979591841	0.847576530612245	0.00829081632653064
11	0.028125	0.05703125	0.02265625	0.8921875
12	0.51267197682839	0.08616944243302	0.23895727733526	0.16220130340333
