Pos	A	C	G	T
1	0.0904522613065327	0.467336683417089	0.1356783919598	0.306532663316579
2	0.0753768844221111	0.23618090452261	0.0603015075376881	0.628140703517591
3	0.10050251256281	0.0	0.68844221105528	0.21105527638191
4	0.0351758793969849	0.914572864321608	0.0	0.0502512562814069
5	0.015075376884422	0.979899497487437	0.0	0.00502512562814069
6	0.291457286432159	0.683417085427137	0.00502512562814068	0.0201005025125629
7	0.236180904522612	0.0854271356783927	0.386934673366833	0.291457286432162
8	0.15075376884422	0.35678391959799	0.20603015075377	0.28643216080402
9	0.582914572864325	0.170854271356781	0.0854271356783927	0.160804020100501
