Pos	A	C	G	T
1	0.285714285714286	0.19047619047619	0.19047619047619	0.333333333333333
2	0.428571428571429	0.19047619047619	0.142857142857143	0.238095238095238
3	0.238095238095238	0.285714285714286	0.0952380952380952	0.380952380952381
4	0.523809523809524	0.19047619047619	0.0	0.285714285714286
5	0.0476190476190476	0.238095238095238	0.619047619047619	0.0952380952380952
6	0.19047619047619	0.0952380952380952	0.0952380952380952	0.619047619047619
7	1.0	0.0	0.0	0.0
8	1.0	0.0	0.0	0.0
9	0.0	1.0	0.0	0.0
10	0.380952380952381	0.238095238095238	0.142857142857143	0.238095238095238
11	0.0	0.0	1.0	0.0
12	0.238095238095238	0.238095238095238	0.0476190476190476	0.476190476190476
13	0.19047619047619	0.428571428571429	0.238095238095238	0.142857142857143
14	0.285714285714286	0.285714285714286	0.238095238095238	0.19047619047619
15	0.238095238095238	0.285714285714286	0.285714285714286	0.19047619047619
