Pos	A	C	G	T
1	0.222222222222222	0.0	0.111111111111111	0.666666666666667
2	0.111111111111111	0.222222222222222	0.555555555555556	0.111111111111111
3	0.111111111111111	0.333333333333333	0.222222222222222	0.333333333333333
4	0.444444444444444	0.222222222222222	0.111111111111111	0.222222222222222
5	1.0	0.0	0.0	0.0
6	0.555555555555556	0.0	0.222222222222222	0.222222222222222
7	0.0	1.0	0.0	0.0
8	1.0	0.0	0.0	0.0
9	0.222222222222222	0.222222222222222	0.555555555555556	0.0
10	0.111111111111111	0.222222222222222	0.555555555555556	0.111111111111111
11	0.0	0.111111111111111	0.0	0.888888888888889
12	0.111111111111111	0.111111111111111	0.555555555555556	0.222222222222222
13	0.111111111111111	0.333333333333333	0.444444444444444	0.111111111111111
14	0.111111111111111	0.111111111111111	0.222222222222222	0.555555555555556
