Pos	A	C	G	T
1	0.318181818181818	0.272727272727273	0.318181818181818	0.0909090909090909
2	0.36	0.2	0.16	0.28
3	0.448275862068966	0.0689655172413793	0.448275862068966	0.0344827586206897
4	0.710526315789474	0.0	0.210526315789474	0.0789473684210526
5	0.0	0.975	0.025	0.0
6	0.975	0.0	0.0	0.025
7	0.075	0.0	0.925	0.0
8	0.05	0.0	0.95	0.0
9	0.0	0.0	0.0	1.0
10	0.0	0.0	0.925	0.075
11	0.0810810810810811	0.513513513513513	0.0810810810810811	0.324324324324324
12	0.575757575757576	0.242424242424242	0.0606060606060606	0.121212121212121
13	0.233333333333333	0.366666666666667	0.233333333333333	0.166666666666667
