Pos	A	C	G	T
1	0.0	0.666666666666667	0.222222222222222	0.111111111111111
2	0.0	0.666666666666667	0.0	0.333333333333333
3	0.0	0.555555555555556	0.111111111111111	0.333333333333333
4	0.0	0.777777777777778	0.222222222222222	0.0
5	0.222222222222222	0.333333333333333	0.333333333333333	0.111111111111111
6	0.444444444444444	0.0	0.555555555555556	0.0
7	0.333333333333333	0.111111111111111	0.444444444444444	0.111111111111111
8	0.0	0.555555555555556	0.444444444444444	0.0
9	0.0	0.0	0.0	1.0
10	0.333333333333333	0.222222222222222	0.111111111111111	0.333333333333333
11	0.0	0.0	1.0	0.0
12	0.0	1.0	0.0	0.0
13	0.0	0.0	1.0	0.0
14	0.0	0.0	0.0	1.0
15	0.0	0.0	1.0	0.0
16	0.666666666666667	0.111111111111111	0.111111111111111	0.111111111111111
17	0.111111111111111	0.333333333333333	0.555555555555556	0.0
18	0.666666666666667	0.0	0.0	0.333333333333333
