Pos	A	C	G	T
1	0.10958904109589	0.431506849315068	0.383561643835616	0.0753424657534247
2	0.0616438356164384	0.794520547945205	0.0616438356164384	0.0821917808219178
3	0.0821917808219178	0.636986301369863	0.089041095890411	0.191780821917808
4	0.0547945205479452	0.39041095890411	0.23972602739726	0.315068493150685
5	0.191780821917808	0.397260273972603	0.315068493150685	0.0958904109589041
6	0.315068493150685	0.212328767123288	0.445205479452055	0.0273972602739726
7	0.0	0.0	1.0	0.0
8	0.0	0.0	1.0	0.0
9	0.0	1.0	0.0	0.0
