Pos	A	C	G	T
1	0.65	0.2	0.125	0.025
2	0.725	0.025	0.125	0.125
3	0.125	0.075	0.0	0.8
4	0.1	0.0	0.125	0.775
5	0.0	0.0	0.0	1.0
6	0.1	0.7	0.175	0.025
7	0.95	0.0	0.05	0.0
8	0.0	1.0	0.0	0.0
9	1.0	0.0	0.0	0.0
10	0.0	1.0	0.0	0.0
11	0.0	1.0	0.0	0.0
12	0.0	0.0	0.0	1.0
13	0.95	0.0	0.025	0.025
14	0.05	0.2	0.7	0.05
15	0.05	0.05	0.85	0.05
16	0.0	0.05	0.0	0.95
17	0.0	0.0	1.0	0.0
18	0.075	0.175	0.0	0.75
19	0.0	0.475	0.475	0.05
20	0.925	0.0	0.05	0.025
21	0.175	0.4	0.3	0.125
22	0.275	0.0	0.35	0.375
23	0.425	0.375	0.075	0.125
24	0.125	0.075	0.425	0.375
