Pos	A	C	G	T
1	0.242424242424242	0.333333333333333	0.363636363636364	0.0606060606060606
2	0.848484848484849	0.0	0.121212121212121	0.0303030303030303
3	0.0909090909090909	0.0	0.0	0.909090909090909
4	0.0909090909090909	0.454545454545455	0.0909090909090909	0.363636363636364
5	0.0	0.0909090909090909	0.909090909090909	0.0
6	1.0	0.0	0.0	0.0
7	0.0	0.0	0.0	1.0
8	0.0	0.545454545454545	0.303030303030303	0.151515151515152
9	0.03125	0.40625	0.375	0.1875
10	0.0333333333333333	0.466666666666667	0.433333333333333	0.0666666666666667
