Pos	A	C	G	T
1	0.372093023255814	0.232558139534884	0.162790697674419	0.232558139534884
2	0.209302325581395	0.232558139534884	0.255813953488372	0.302325581395349
3	0.534883720930233	0.116279069767442	0.186046511627907	0.162790697674419
4	0.0	0.0	0.0	1.0
5	0.0	0.0	0.0232558139534884	0.976744186046512
6	0.325581395348837	0.0465116279069767	0.581395348837209	0.0465116279069767
7	0.0930232558139535	0.651162790697674	0.186046511627907	0.0697674418604651
8	0.302325581395349	0.255813953488372	0.186046511627907	0.255813953488372
9	0.348837209302326	0.302325581395349	0.0465116279069767	0.302325581395349
10	0.674418604651163	0.209302325581395	0.0465116279069767	0.0697674418604651
11	0.697674418604651	0.13953488372093	0.116279069767442	0.0465116279069767
12	0.255813953488372	0.255813953488372	0.209302325581395	0.27906976744186
13	0.232558139534884	0.395348837209302	0.162790697674419	0.209302325581395
14	0.372093023255814	0.186046511627907	0.162790697674419	0.27906976744186
