Pos	A	C	G	T
1	0.176470588235294	0.176470588235294	0.470588235294118	0.176470588235294
2	0.235294117647059	0.176470588235294	0.235294117647059	0.352941176470588
3	0.529411764705882	0.0588235294117647	0.117647058823529	0.294117647058824
4	0.235294117647059	0.529411764705882	0.117647058823529	0.117647058823529
5	1.0	0.0	0.0	0.0
6	0.0	0.0	1.0	0.0
7	0.0	0.0	1.0	0.0
8	0.0	0.0	0.0	1.0
9	0.0	0.0	1.0	0.0
10	0.470588235294118	0.0588235294117647	0.117647058823529	0.352941176470588
11	0.352941176470588	0.117647058823529	0.294117647058824	0.235294117647059
12	0.352941176470588	0.117647058823529	0.117647058823529	0.411764705882353
