Pos	A	C	G	T
1	0.227272727272727	0.136363636363636	0.181818181818182	0.454545454545455
2	0.318181818181818	0.272727272727273	0.318181818181818	0.0909090909090909
3	0.227272727272727	0.0	0.136363636363636	0.636363636363636
4	0.136363636363636	0.0	0.363636363636364	0.5
5	0.0909090909090909	0.0	0.0909090909090909	0.818181818181818
6	0.0	0.0	1.0	0.0
7	0.0909090909090909	0.227272727272727	0.545454545454545	0.136363636363636
8	0.363636363636364	0.0454545454545455	0.0909090909090909	0.5
9	0.454545454545455	0.0909090909090909	0.181818181818182	0.272727272727273
10	0.727272727272727	0.0	0.0	0.272727272727273
11	0.272727272727273	0.227272727272727	0.318181818181818	0.181818181818182
12	0.181818181818182	0.181818181818182	0.318181818181818	0.318181818181818
13	0.181818181818182	0.318181818181818	0.181818181818182	0.318181818181818
