Pos	A	C	G	T
1	0.583333333333333	0.0833333333333333	0.25	0.0833333333333333
2	0.0	0.5	0.25	0.25
3	0.5	0.0833333333333333	0.0833333333333333	0.333333333333333
4	0.0	1.0	0.0	0.0
5	1.0	0.0	0.0	0.0
6	0.0	0.0	1.0	0.0
7	0.0	0.0	1.0	0.0
8	0.0	0.0	0.0	1.0
9	0.583333333333333	0.0	0.333333333333333	0.0833333333333333
10	0.5	0.25	0.0833333333333333	0.166666666666667
11	0.416666666666667	0.0833333333333333	0.5	0.0
12	0.25	0.0833333333333333	0.25	0.416666666666667
13	0.333333333333333	0.166666666666667	0.25	0.25
