Pos	A	C	G	T
1	0.777777777777778	0.0555555555555556	0.0555555555555556	0.111111111111111
2	0.166666666666667	0.0555555555555556	0.0	0.777777777777778
3	0.0	0.722222222222222	0.0	0.277777777777778
4	0.111111111111111	0.111111111111111	0.777777777777778	0.0
5	0.833333333333333	0.0	0.166666666666667	0.0
6	0.0555555555555556	0.0	0.0	0.944444444444444
7	0.0	0.0	0.0	1.0
8	1.0	0.0	0.0	0.0
9	0.0	0.0	0.0555555555555556	0.944444444444444
10	0.0555555555555556	0.0	0.0	0.944444444444444
11	0.0555555555555556	0.0	0.944444444444444	0.0
12	0.0555555555555556	0.0	0.888888888888889	0.0555555555555556
