Pos	A	C	G	T
1	0.0434782608695652	0.91304347826087	0.0434782608695652	0.0
2	0.869565217391304	0.0869565217391304	0.0434782608695652	0.0
3	0.0434782608695652	0.869565217391304	0.0869565217391304	0.0
4	0.25	0.583333333333333	0.166666666666667	0.0
5	0.5	0.0833333333333333	0.375	0.0416666666666667
6	0.875	0.0	0.125	0.0
7	0.0416666666666667	0.125	0.125	0.708333333333333
8	0.708333333333333	0.0833333333333333	0.166666666666667	0.0416666666666667
9	0.208333333333333	0.291666666666667	0.166666666666667	0.333333333333333
10	0.25	0.166666666666667	0.458333333333333	0.125
11	0.0	0.0416666666666667	0.0	0.958333333333333
12	1.0	0.0	0.0	0.0
13	0.0	0.0	0.0	1.0
14	0.0	0.333333333333333	0.375	0.291666666666667
15	0.0	0.0	1.0	0.0
