Pos	A	C	G	T
1	0.0	0.0	0.941176470588235	0.0588235294117647
2	0.117647058823529	0.0	0.882352941176471	0.0
3	0.882352941176471	0.0	0.0	0.117647058823529
4	0.941176470588235	0.0	0.0	0.0588235294117647
5	0.588235294117647	0.0588235294117647	0.0588235294117647	0.294117647058824
6	0.176470588235294	0.176470588235294	0.294117647058824	0.352941176470588
7	0.117647058823529	0.529411764705882	0.0588235294117647	0.294117647058824
8	0.0588235294117647	0.882352941176471	0.0	0.0588235294117647
9	0.0588235294117647	0.941176470588235	0.0	0.0
10	0.235294117647059	0.470588235294118	0.294117647058824	0.0
