Pos	A	C	G	T
1	0.387096774193548	0.161290322580645	0.209677419354839	0.241935483870968
2	0.225806451612903	0.274193548387097	0.241935483870968	0.258064516129032
3	0.5	0.145161290322581	0.209677419354839	0.145161290322581
4	0.0	0.0645161290322581	0.0	0.935483870967742
5	0.0	0.0	0.0	1.0
6	0.129032258064516	0.0	0.790322580645161	0.0806451612903226
7	0.0806451612903226	0.629032258064516	0.161290322580645	0.129032258064516
8	0.354838709677419	0.0645161290322581	0.354838709677419	0.225806451612903
9	0.241935483870968	0.209677419354839	0.112903225806452	0.435483870967742
10	0.580645161290323	0.209677419354839	0.0806451612903226	0.129032258064516
11	0.693548387096774	0.0483870967741935	0.193548387096774	0.0645161290322581
12	0.241935483870968	0.161290322580645	0.241935483870968	0.354838709677419
13	0.258064516129032	0.129032258064516	0.274193548387097	0.338709677419355
14	0.338709677419355	0.241935483870968	0.193548387096774	0.225806451612903
