Pos	A	C	G	T
1	0.363636363636364	0.363636363636364	0.272727272727273	0.0
2	0.181818181818182	0.454545454545455	0.363636363636364	0.0
3	0.272727272727273	0.181818181818182	0.363636363636364	0.181818181818182
4	0.181818181818182	0.0	0.818181818181818	0.0
5	0.0	1.0	0.0	0.0
6	1.0	0.0	0.0	0.0
7	0.0	0.0	1.0	0.0
8	0.0909090909090909	0.181818181818182	0.727272727272727	0.0
9	0.0	0.0	0.0	1.0
10	0.0	0.0	1.0	0.0
11	0.0	0.0	0.363636363636364	0.636363636363636
12	0.0909090909090909	0.363636363636364	0.272727272727273	0.272727272727273
13	0.0909090909090909	0.545454545454545	0.181818181818182	0.181818181818182
14	0.0909090909090909	0.363636363636364	0.363636363636364	0.181818181818182
15	0.1	0.4	0.2	0.3
