Pos	A	C	G	T
1	0.736842105263158	0.0	0.0526315789473684	0.210526315789474
2	0.0526315789473684	0.0	0.947368421052632	0.0
3	0.947368421052632	0.0526315789473684	0.0	0.0
4	0.0	0.210526315789474	0.0	0.789473684210526
5	0.947368421052632	0.0	0.0	0.0526315789473684
6	0.789473684210526	0.0	0.0526315789473684	0.157894736842105
7	0.0526315789473684	0.0	0.947368421052632	0.0
8	0.947368421052632	0.0	0.0	0.0526315789473684
9	0.0526315789473684	0.0	0.0	0.947368421052632
10	0.947368421052632	0.0	0.0	0.0526315789473684
11	0.388888888888889	0.0555555555555556	0.333333333333333	0.222222222222222
