Pos	A	C	G	T
1	0.33	0.16	0.27	0.24
2	0.292929292929293	0.121212121212121	0.313131313131313	0.272727272727273
3	0.19	0.07	0.52	0.22
4	0.0505050505050505	0.0	0.787878787878788	0.161616161616162
5	0.05	0.02	0.91	0.02
6	0.21	0.29	0.3	0.2
7	0.247524752475248	0.712871287128713	0.0396039603960396	0.0
8	0.05	0.14	0.64	0.17
9	0.0	1.0	0.0	0.0
10	1.0	0.0	0.0	0.0
11	0.0303030303030303	0.0505050505050505	0.919191919191919	0.0
12	0.0198019801980198	0.871287128712871	0.0891089108910891	0.0198019801980198
13	0.0	0.0	0.0	1.0
14	0.0	0.0	1.0	0.0
15	0.07	0.67	0.12	0.14
16	0.05	0.03	0.67	0.25
17	0.11	0.3	0.23	0.36
18	0.0505050505050505	0.808080808080808	0.0505050505050505	0.0909090909090909
19	0.16	0.68	0.05	0.11
20	0.131313131313131	0.575757575757576	0.0909090909090909	0.202020202020202
21	0.222222222222222	0.414141414141414	0.101010101010101	0.262626262626263
22	0.27	0.16	0.24	0.33
