Pos	A	C	G	T
1	0.391452991452992	0.442735042735043	0.165811965811966	0.0
2	1.0	0.0	0.0	0.0
3	0.0	0.0	1.0	0.0
4	0.582035928143713	0.0958083832335329	0.322155688622754	0.0
5	1.0	0.0	0.0	0.0
6	0.0	1.0	0.0	0.0
7	0.806954436450839	0.0	0.0	0.193045563549161
8	0.0	0.317365269461078	0.370059880239521	0.312574850299401
9	0.398802395209581	0.201197604790419	0.0982035928143713	0.301796407185629
10	0.102994011976048	0.196407185628743	0.116167664670659	0.584431137724551
11	0.0	0.0	0.29136690647482	0.70863309352518
12	0.207185628742515	0.0	0.792814371257485	0.0
13	0.113157894736842	0.0	0.0	0.886842105263158
14	0.679841897233202	0.0988142292490119	0.221343873517787	0.0
15	0.287769784172662	0.712230215827338	0.0	0.0
16	0.28622754491018	0.610778443113772	0.102994011976048	0.0
