Pos	A	C	G	T
1	0.4	0.2	0.2	0.2
2	0.315789473684211	0.315789473684211	0.210526315789474	0.157894736842105
3	0.4	0.28	0.16	0.16
4	0.392857142857143	0.214285714285714	0.285714285714286	0.107142857142857
5	0.354838709677419	0.193548387096774	0.290322580645161	0.161290322580645
6	0.303030303030303	0.272727272727273	0.212121212121212	0.212121212121212
7	0.15	0.35	0.1	0.4
8	0.727272727272727	0.136363636363636	0.0909090909090909	0.0454545454545455
9	1.0	0.0	0.0	0.0
10	1.0	0.0	0.0	0.0
11	0.0	0.0	0.0	1.0
12	0.0	1.0	0.0	0.0
13	0.686274509803922	0.0392156862745098	0.0196078431372549	0.254901960784314
14	0.122448979591837	0.530612244897959	0.26530612244898	0.0816326530612245
15	0.4375	0.0	0.1875	0.375
16	0.0833333333333333	0.0833333333333333	0.75	0.0833333333333333
17	0.0652173913043478	0.565217391304348	0.0652173913043478	0.304347826086957
18	0.386363636363636	0.227272727272727	0.136363636363636	0.25
19	0.2	0.225	0.225	0.35
20	0.305555555555556	0.166666666666667	0.277777777777778	0.25
21	0.137931034482759	0.344827586206897	0.137931034482759	0.379310344827586
22	0.153846153846154	0.307692307692308	0.384615384615385	0.153846153846154
23	0.304347826086957	0.347826086956522	0.130434782608696	0.217391304347826
24	0.19047619047619	0.333333333333333	0.238095238095238	0.238095238095238
