Pos	A	C	G	T
1	0.25	0.277777777777778	0.333333333333333	0.138888888888889
2	0.305555555555556	0.138888888888889	0.194444444444444	0.361111111111111
3	0.138888888888889	0.194444444444444	0.194444444444444	0.472222222222222
4	0.166666666666667	0.277777777777778	0.0	0.555555555555556
5	0.166666666666667	0.0	0.833333333333333	0.0
6	0.0	0.0	1.0	0.0
7	0.0	0.0	1.0	0.0
8	1.0	0.0	0.0	0.0
9	0.5	0.138888888888889	0.0277777777777778	0.333333333333333
10	0.277777777777778	0.194444444444444	0.166666666666667	0.361111111111111
11	0.333333333333333	0.222222222222222	0.25	0.194444444444444
12	0.25	0.5	0.138888888888889	0.111111111111111
