Pos	A	C	G	T
1	0.0714285714285714	0.0714285714285714	0.107142857142857	0.75
2	0.0	0.142857142857143	0.107142857142857	0.75
3	0.0	0.964285714285714	0.0	0.0357142857142857
4	1.0	0.0	0.0	0.0
5	0.0	0.0	1.0	0.0
6	0.0	0.964285714285714	0.0	0.0357142857142857
7	1.0	0.0	0.0	0.0
8	0.0	1.0	0.0	0.0
9	0.0	1.0	0.0	0.0
10	0.607142857142857	0.0	0.25	0.142857142857143
11	0.142857142857143	0.714285714285714	0.0714285714285714	0.0714285714285714
12	0.0357142857142857	0.0	0.964285714285714	0.0
13	0.0	0.0	1.0	0.0
14	0.821428571428571	0.0357142857142857	0.0	0.142857142857143
15	0.0	0.928571428571429	0.0714285714285714	0.0
16	1.0	0.0	0.0	0.0
17	0.0	0.0	1.0	0.0
18	0.357142857142857	0.607142857142857	0.0	0.0357142857142857
19	0.25	0.142857142857143	0.571428571428571	0.0357142857142857
20	0.0714285714285714	0.571428571428571	0.285714285714286	0.0714285714285714
21	0.142857142857143	0.785714285714286	0.0	0.0714285714285714
