Pos	A	C	G	T
1	0.230769230769231	0.230769230769231	0.307692307692308	0.230769230769231
2	0.307692307692308	0.230769230769231	0.307692307692308	0.153846153846154
3	0.0769230769230769	0.0	0.923076923076923	0.0
4	0.0	0.0	0.923076923076923	0.0769230769230769
5	0.692307692307692	0.0	0.230769230769231	0.0769230769230769
6	0.769230769230769	0.0	0.230769230769231	0.0
7	0.692307692307692	0.153846153846154	0.0769230769230769	0.0769230769230769
8	0.0769230769230769	0.0	0.461538461538462	0.461538461538462
9	0.0	0.0	0.0	1.0
10	0.0	0.923076923076923	0.0	0.0769230769230769
11	0.0	1.0	0.0	0.0
12	0.153846153846154	0.846153846153846	0.0	0.0
13	0.230769230769231	0.615384615384615	0.0	0.153846153846154
14	0.307692307692308	0.307692307692308	0.0769230769230769	0.307692307692308
