Pos	A	C	G	T
1	0.0880391285015562	0.115606936416185	0.213872832369942	0.582481102712317
2	0.0	0.0	0.965317919075144	0.0346820809248555
3	0.0	0.0	0.944723618090452	0.0552763819095477
4	0.693196976433971	0.0	0.306803023566029	0.0
5	0.735882614495331	0.0	0.264117385504669	0.0
6	0.937305469097377	0.0	0.0	0.0626945309026234
7	0.242465753424658	0.0	0.57351598173516	0.184018264840183
8	0.0	0.0	0.0	1.0
9	0.0	1.0	0.0	0.0
10	0.0	1.0	0.0	0.0
11	0.0	1.0	0.0	0.0
12	0.151141552511416	0.450228310502283	0.133333333333333	0.265296803652968
