Pos	A	C	G	T
1	1.0	0.0	0.0	0.0
2	0.0	0.0	0.0	1.0
3	0.176470588235294	0.0	0.705882352941177	0.117647058823529
4	1.0	0.0	0.0	0.0
5	0.941176470588235	0.0	0.0	0.0588235294117647
6	0.117647058823529	0.0	0.0	0.882352941176471
7	0.5	0.0	0.0	0.5
8	0.642857142857143	0.0	0.0	0.357142857142857
9	1.0	0.0	0.0	0.0
10	0.0	0.0	0.0	1.0
11	0.0	0.0	0.529411764705882	0.470588235294118
12	0.0	0.882352941176471	0.0	0.117647058823529
13	0.941176470588235	0.0	0.0588235294117647	0.0
14	0.0588235294117647	0.0	0.117647058823529	0.823529411764706
