Pos	A	C	G	T
1	0.206896551724138	0.206896551724138	0.344827586206897	0.241379310344828
2	0.344827586206897	0.137931034482759	0.103448275862069	0.413793103448276
3	0.517241379310345	0.0344827586206897	0.0689655172413793	0.379310344827586
4	0.724137931034483	0.0689655172413793	0.0344827586206897	0.172413793103448
5	0.862068965517241	0.0	0.0	0.137931034482759
6	0.0	1.0	0.0	0.0
7	0.96551724137931	0.0	0.0	0.0344827586206897
8	0.931034482758621	0.0	0.0	0.0689655172413793
9	0.344827586206897	0.0	0.0344827586206897	0.620689655172414
10	0.551724137931034	0.103448275862069	0.172413793103448	0.172413793103448
11	0.241379310344828	0.206896551724138	0.448275862068966	0.103448275862069
12	0.379310344827586	0.0689655172413793	0.344827586206897	0.206896551724138
