Pos	A	C	G	T
1	0.848484848484849	0.0303030303030303	0.0606060606060606	0.0606060606060606
2	0.0303030303030303	0.0	0.0	0.96969696969697
3	0.0303030303030303	0.0	0.939393939393939	0.0303030303030303
4	0.212121212121212	0.757575757575758	0.0	0.0303030303030303
5	0.0	1.0	0.0	0.0
6	0.0	1.0	0.0	0.0
7	0.696969696969697	0.0	0.0	0.303030303030303
8	0.0606060606060606	0.0	0.0	0.939393939393939
9	1.0	0.0	0.0	0.0
10	0.0	0.0	0.0	1.0
11	0.939393939393939	0.0	0.0	0.0606060606060606
12	0.303030303030303	0.0	0.0	0.696969696969697
13	0.0	0.0	1.0	0.0
14	0.0	0.0	1.0	0.0
15	0.363636363636364	0.121212121212121	0.0909090909090909	0.424242424242424
16	0.393939393939394	0.272727272727273	0.242424242424242	0.0909090909090909
17	0.333333333333333	0.181818181818182	0.212121212121212	0.272727272727273
18	0.0303030303030303	0.121212121212121	0.242424242424242	0.606060606060606
