Pos	A	C	G	T
1	0.0	0.486486486486487	0.0810810810810811	0.432432432432432
2	0.135135135135135	0.297297297297297	0.0810810810810811	0.486486486486487
3	0.0540540540540541	0.702702702702703	0.0810810810810811	0.162162162162162
4	0.108108108108108	0.297297297297297	0.243243243243243	0.351351351351351
5	0.297297297297297	0.27027027027027	0.216216216216216	0.216216216216216
6	0.108108108108108	0.162162162162162	0.621621621621622	0.108108108108108
7	0.0540540540540541	0.0	0.837837837837838	0.108108108108108
8	0.621621621621622	0.0540540540540541	0.0540540540540541	0.27027027027027
9	0.891891891891892	0.0	0.0810810810810811	0.027027027027027
10	0.324324324324324	0.216216216216216	0.189189189189189	0.27027027027027
11	0.27027027027027	0.324324324324324	0.216216216216216	0.189189189189189
12	0.189189189189189	0.27027027027027	0.378378378378378	0.162162162162162
13	0.257142857142857	0.314285714285714	0.257142857142857	0.171428571428571
14	0.432432432432432	0.189189189189189	0.216216216216216	0.162162162162162
15	0.405405405405405	0.108108108108108	0.189189189189189	0.297297297297297
16	0.0	0.027027027027027	0.0	0.972972972972973
17	0.135135135135135	0.0540540540540541	0.0	0.810810810810811
18	0.027027027027027	0.945945945945946	0.0	0.027027027027027
19	0.0810810810810811	0.378378378378378	0.135135135135135	0.405405405405405
20	0.189189189189189	0.162162162162162	0.432432432432432	0.216216216216216
21	0.189189189189189	0.243243243243243	0.513513513513513	0.0540540540540541
22	0.0	0.0	0.945945945945946	0.0540540540540541
23	0.783783783783784	0.027027027027027	0.027027027027027	0.162162162162162
24	0.945945945945946	0.0	0.027027027027027	0.027027027027027
