Pos	A	C	G	T
1	0.182519280205656	0.359897172236504	0.259640102827764	0.197943444730077
2	0.19280205655527	0.3573264781491	0.275064267352185	0.174807197943445
3	0.15681233933162	0.329048843187661	0.303341902313625	0.210796915167095
4	0.133676092544987	0.329048843187661	0.326478149100257	0.210796915167095
5	0.0796915167095116	0.329048843187661	0.377892030848329	0.213367609254499
6	0.123393316195373	0.38560411311054	0.347043701799486	0.143958868894602
7	0.0848329048843188	0.403598971722365	0.113110539845758	0.398457583547558
8	0.311053984575835	0.113110539845758	0.0051413881748072	0.570694087403599
9	0.0154241645244216	0.051413881748072	0.0077120822622108	0.925449871465296
10	0.311053984575835	0.0	0.0	0.688946015424165
11	0.077120822622108	0.012853470437018	0.0	0.910025706940874
12	0.961439588688946	0.0051413881748072	0.025706940874036	0.0077120822622108
13	0.089974293059126	0.0051413881748072	0.0	0.904884318766067
14	0.794344473007712	0.0462724935732648	0.118251928020566	0.0411311053984576
15	0.0796915167095116	0.390745501285347	0.372750642673522	0.15681233933162
