Pos	A	C	G	T
1	0.0857142857142857	0.0571428571428571	0.742857142857143	0.114285714285714
2	0.571428571428571	0.0	0.428571428571429	0.0
3	0.142857142857143	0.2	0.0	0.657142857142857
4	0.114285714285714	0.2	0.657142857142857	0.0285714285714286
5	0.685714285714286	0.228571428571429	0.0857142857142857	0.0
6	0.0285714285714286	0.0285714285714286	0.0285714285714286	0.914285714285714
7	0.457142857142857	0.0285714285714286	0.428571428571429	0.0857142857142857
8	0.0	0.0	1.0	0.0
9	0.971428571428571	0.0	0.0	0.0285714285714286
10	0.0	0.0	1.0	0.0
11	0.0857142857142857	0.885714285714286	0.0	0.0285714285714286
12	0.0	0.8	0.142857142857143	0.0571428571428571
13	0.314285714285714	0.257142857142857	0.342857142857143	0.0857142857142857
