Pos	A	C	G	T
1	0.066937	0.851927	0.044625	0.036511
2	0.00405700405700406	0.991886991886992	0.00202800202800203	0.00202800202800203
3	0.69574	0.016227	0.217039	0.070994
4	0.026369	0.612576	0.35497	0.006085
5	0.103448	0.596349	0.079108	0.221095
6	0.89046610953389	0.0304259695740304	0.0608519391480609	0.0182559817440183
7	0.0	0.002028	0.997972	0.0
8	0.387424	0.004057	0.608519	0.0
9	0.028398	0.030426	0.598377	0.342799
10	0.010142	0.0	0.989858	0.0
11	0.064909	0.03854	0.833671	0.06288
12	0.066937	0.874239	0.010142	0.048682
13	0.35497	0.010142	0.628803	0.006085
14	0.042596	0.600406	0.322515	0.034483
15	0.0791079208920791	0.405679594320406	0.117646882353118	0.397565602434397
16	0.30426	0.255578	0.407708	0.032454
