Pos	A	C	G	T
1	0.07196	0.012407	0.866005	0.049628
2	0.411911	0.146402	0.260546	0.181141
3	0.900744900744901	0.0272950272950273	0.0570720570720571	0.0148880148880149
4	0.002481	0.960298	0.019851	0.01737
5	0.811414	0.0	0.099256	0.08933
6	0.213399786600213	0.265508734491266	0.436724563275437	0.0843669156330844
7	0.635235364764635	0.0992559007440992	0.253101746898253	0.0124069875930124
8	0.501241	0.205955	0.270471	0.022333
9	0.16129	0.094293	0.044665	0.699752
10	0.01737	0.029777	0.950372	0.002481
11	0.049628	0.009926	0.014888	0.925558
12	0.171216	0.235732	0.193548	0.399504
13	0.042184	0.873449	0.0	0.084367
14	0.181141	0.401985	0.01737	0.399504
