Pos	A	C	G	T
1	0.1639	0.16805	0.485477	0.182573
2	0.19917	0.085062	0.574689	0.141079
3	0.082987917012083	0.82987517012483	0.0518669481330519	0.0352699647300353
4	0.0	1.0	0.0	0.0
5	0.715767284232716	0.0082989917010083	0.201244798755201	0.0746889253110747
6	0.020747	0.649378	0.319502	0.010373
7	0.0871370871370871	0.576763576763577	0.0767630767630768	0.259336259336259
8	0.894191	0.014523	0.053942	0.037344
9	0.0	0.0	1.0	0.0
10	0.404564404564405	0.00622400622400622	0.578838578838579	0.0103730103730104
11	0.0228219771780228	0.0248959751040249	0.582987417012583	0.369294630705369
12	0.0	0.004149	0.995851	0.0
13	0.095436	0.039419	0.813278	0.051867
14	0.0684649315350685	0.84024815975184	0.0082989917010083	0.082987917012083
15	0.356846	0.014523	0.622407	0.006224
