Pos	A	C	G	T
1	0.177528	0.339326	0.18427	0.298876
2	0.101123898876101	0.301123698876301	0.242696757303243	0.355055644944355
3	0.112359887640112	0.0629209370790629	0.417977582022418	0.406741593258407
4	0.044944	0.0	0.939326	0.01573
5	0.031461	0.0	0.966292	0.002247
6	0.788764	0.008989	0.197753	0.004494
7	0.959551	0.004494	0.035955	0.0
8	0.849438849438849	0.00224700224700225	0.0134830134830135	0.134831134831135
9	0.125842874157126	0.101123898876101	0.312359687640312	0.460673539326461
10	0.0404490404490404	0.543820543820544	0.0112360112360112	0.404494404494405
11	0.058427	0.941573	0.0	0.0
12	0.0	0.997753	0.002247	0.0
13	0.042697	0.957303	0.0	0.0
14	0.220225	0.265169	0.074157	0.440449
