Pos	A	C	G	T
1	0.010101	0.989899	0.0	0.0
2	0.80404	0.008081	0.135354	0.052525
3	0.026263	0.634343	0.331313	0.008081
4	0.127273	0.482828	0.070707	0.319192
5	0.892929892929893	0.0343430343430343	0.0505050505050505	0.0222220222220222
6	0.00404	0.006061	0.985859	0.00404
7	0.426263	0.00202	0.567677	0.00404
8	0.020202	0.020202	0.531313	0.428283
9	0.006061	0.00202	0.991919	0.0
10	0.0747470747470747	0.0383840383840384	0.844444844444844	0.0424240424240424
11	0.084848	0.806061	0.012121	0.09697
12	0.438384	0.00202	0.555556	0.00404
