Pos	A	C	G	T
1	0.057026057026057	0.845214845214845	0.0509160509160509	0.0468430468430468
2	0.008147	0.991853	0.0	0.0
3	0.782077	0.002037	0.156823	0.059063
4	0.028513	0.627291	0.331976	0.01222
5	0.138493	0.486762	0.071283	0.303462
6	0.853360853360853	0.0285130285130285	0.0773930773930774	0.0407330407330407
7	0.00611	0.0	0.98778	0.00611
8	0.41955158044842	0.00203699796300204	0.576374423625576	0.00203699796300204
9	0.0305499694500306	0.0366599633400367	0.517311482688517	0.415478584521416
10	0.01222	0.0	0.98167	0.00611
11	0.075356	0.03055	0.814664	0.07943
12	0.077393	0.826884	0.016293	0.07943
13	0.456212	0.00611	0.527495	0.010183
14	0.0610999389000611	0.505091494908505	0.401221598778401	0.0325869674130326
15	0.0977599022400977	0.443991556008444	0.0794299205700794	0.378818621181379
