Pos	A	C	G	T
1	0.00202800202800203	0.991886991886992	0.0	0.00608500608500608
2	0.724138	0.030426	0.168357	0.077079
3	0.0344829655170345	0.606490393509607	0.334685665314335	0.0243409756590243
4	0.111562	0.523327	0.066937	0.298174
5	0.910750089249911	0.0141989858010142	0.0405679594320406	0.0344829655170345
6	0.00202800202800203	0.00202800202800203	0.995943995943996	0.0
7	0.411764588235412	0.00405699594300406	0.574036425963574	0.0101419898580101
8	0.030426	0.026369	0.598377	0.344828
9	0.004057	0.0	0.995943	0.0
10	0.0933060933060933	0.0365110365110365	0.817444817444818	0.0527380527380527
11	0.081136	0.845842	0.01217	0.060852
12	0.399594	0.004057	0.58215	0.014199
13	0.0527380527380527	0.567951567951568	0.363083363083363	0.0162270162270162
14	0.081136	0.448276	0.066937	0.403651
15	0.403650596349404	0.233265766734233	0.344827655172345	0.0182559817440183
16	0.111562	0.204868	0.413793	0.269777
