Pos	A	C	G	T
1	0.253850895856638	0.26281917556956	0.235866945041245	0.247462983532556
2	0.397611417160473	0.108131566580151	0.317440276332469	0.176816739926906
3	0.170522104114648	0.216108506318689	0.0660683178404739	0.547301071726189
4	0.147578871625228	0.080904115411769	0.291823749667254	0.479693263295749
5	0.0815652208183981	0.103155466654555	0.0933474963597358	0.721931816167311
6	0.130138957796485	0.808174216682501	0.0093827742153522	0.0523040513056616
7	0.0111047598677602	0.812592027111305	0.00723263941195591	0.169070573608979
8	0.11639794206999	0.270397444461601	0.443222910067689	0.16998170340072
9	0.601855387289743	0.0762697330930445	0.17108870681957	0.150786172797642
10	0.663070789814113	0.0071037527006072	0.0356972768161935	0.294128180669086
11	0.294128180669086	0.0356972768161935	0.0071037527006072	0.663070789814113
12	0.150786172797642	0.17108870681957	0.0762697330930445	0.601855387289743
13	0.229882829051022	0.243076974002011	0.405354409827517	0.121685787119449
14	0.169070573608979	0.00723263941195591	0.812592027111305	0.0111047598677602
15	0.0523040513056616	0.0093827742153522	0.808174216682501	0.130138957796485
16	0.666672091790518	0.129286735225908	0.0336687850060668	0.170372387977507
17	0.664038607578242	0.161973453167088	0.0845522913923967	0.0894356478622737
18	0.523640335005628	0.102299879699267	0.204936281784916	0.169123503510189
19	0.242614489977346	0.314154460864318	0.275850844700694	0.167380204457643
20	0.481488256900837	0.111426018395215	0.159698386891208	0.24738733781274
