Pos	A	C	G	T
1	0.536649536649537	0.0392670392670393	0.350785350785351	0.0732980732980733
2	0.078534	0.0	0.84555	0.075916
3	0.075916	0.013089	0.879581	0.031414
4	0.0732980732980733	0.054974054974055	0.243455243455243	0.628272628272628
5	0.0	0.913613	0.020942	0.065445
6	0.735602	0.028796	0.117801	0.117801
7	0.151832	0.298429	0.253927	0.295812
8	0.0	0.0	0.536649	0.463351
9	0.10733	0.282723	0.494764	0.115183
10	0.0706809293190707	0.12041887958112	0.0183249816750183	0.790575209424791
11	0.08377	0.065445	0.850785	0.0
12	0.667539	0.206806	0.068063	0.057592
13	0.007853	0.95288	0.0	0.039267
14	0.099476	0.82199	0.0	0.078534
15	0.057592	0.324607	0.068063	0.549738
