Pos	A	C	G	T
1	0.325955674044326	0.253520746479253	0.209255790744209	0.211267788732211
2	0.321931678068322	0.167001832998167	0.376257623742376	0.134808865191135
3	0.396378	0.026157	0.43662	0.140845
4	0.0845070845070845	0.0120720120720121	0.847082847082847	0.0563380563380563
5	0.434608	0.104628	0.283702	0.177062
6	0.887324	0.016097	0.064386	0.032193
7	0.036217	0.881288	0.044266	0.038229
8	0.738431	0.036217	0.122736	0.102616
9	0.183099	0.221328	0.527163	0.06841
10	0.575453	0.146881	0.171026	0.10664
11	0.551307448692551	0.104627895372105	0.273641726358274	0.0704229295770704
12	0.142857	0.084507	0.018109	0.754527
13	0.008048	0.0	0.991952	0.0
14	0.026157	0.012072	0.014085	0.947686
15	0.177062177062177	0.25955725955726	0.175050175050175	0.388330388330388
16	0.0543260543260543	0.847082847082847	0.0120720120720121	0.0865190865190865
17	0.126760873239127	0.394365605634394	0.0160969839030161	0.462776537223463
18	0.233400233400233	0.201207201207201	0.311871311871312	0.253521253521254
19	0.167002	0.187123	0.390342	0.255533
20	0.205231205231205	0.251509251509252	0.344064344064344	0.199195199195199
21	0.217304	0.348089	0.259557	0.17505
