Pos	A	C	G	T
1	0.202811	0.078313	0.62249	0.096386
2	0.044177	0.895582	0.032129	0.028112
3	0.004016	0.991968	0.004016	0.0
4	0.592369592369592	0.0140560140560141	0.327309327309327	0.0662650662650663
5	0.014056	0.656627	0.327309	0.002008
6	0.072289	0.626506	0.062249	0.238956
7	0.877510877510878	0.0220880220880221	0.0823290823290823	0.0180720180720181
8	0.002008	0.002008	0.993976	0.002008
9	0.313253	0.002008	0.680723	0.004016
10	0.038153	0.084337	0.674699	0.202811
11	0.004016	0.008032	0.983936	0.004016
12	0.102409897590102	0.0461849538150462	0.811244188755811	0.0401609598390402
13	0.054217	0.87751	0.022088	0.046185
14	0.23494	0.01004	0.732932	0.022088
15	0.0522089477910522	0.676706323293677	0.228915771084229	0.0421689578310422
