Pos	A	C	G	T
1	0.0663980663980664	0.867203867203867	0.0321930321930322	0.0342050342050342
2	0.0	0.997988	0.002012	0.0
3	0.69014030985969	0.0261569738430262	0.209255790744209	0.0744469255530745
4	0.020121	0.655936	0.315895	0.008048
5	0.100604	0.567404	0.04829	0.283702
6	0.909457	0.018109	0.062374	0.01006
7	0.002012	0.004024	0.987928	0.006036
8	0.384306	0.004024	0.603622	0.008048
9	0.026157	0.05835	0.585513	0.32998
10	0.004024	0.0	0.993964	0.002012
11	0.134809134809135	0.0342050342050342	0.790744790744791	0.0402410402410402
12	0.074447	0.83501	0.022133	0.06841
13	0.331991668008332	0.0140849859150141	0.633802366197634	0.0201209798790201
14	0.080483	0.583501	0.297787	0.038229
15	0.086519	0.434608	0.094567	0.384306
