Pos	A	C	G	T
1	0.0593049406950593	0.875255124744875	0.0327199672800327	0.0327199672800327
2	0.00409	0.993865	0.002045	0.0
3	0.664621335378665	0.0224949775050225	0.235173764826235	0.0777099222900777
4	0.0224949775050225	0.678936321063679	0.296523703476296	0.00204499795500204
5	0.0879349120650879	0.603271396728603	0.0429449570550429	0.265848734151266
6	0.92229	0.02045	0.047035	0.010225
7	0.0	0.002045	0.997955	0.0
8	0.394683	0.002045	0.603272	0.0
9	0.0368099631900368	0.0674849325150675	0.61963138036862	0.276073723926276
10	0.00818	0.0	0.985685	0.006135
11	0.137014	0.051125	0.779141	0.03272
12	0.0777099222900777	0.838445161554839	0.0122699877300123	0.0715749284250716
13	0.282208717791282	0.0122699877300123	0.689161310838689	0.0163599836400164
14	0.0715749284250716	0.603271396728603	0.278118721881278	0.047034952965047
15	0.092025	0.458078	0.100204	0.349693
