Pos	A	C	G	T
1	0.156904	0.196653	0.466527	0.179916
2	0.225941	0.087866	0.566946	0.119247
3	0.052301	0.887029	0.031381	0.029289
4	0.002092	0.997908	0.0	0.0
5	0.686192	0.027197	0.192469	0.094142
6	0.023012976987023	0.646443353556646	0.315899684100316	0.0146439853560146
7	0.115063	0.523013	0.050209	0.311715
8	0.918410918410918	0.0146440146440146	0.0523010523010523	0.0146440146440146
9	0.004184	0.0	0.991632	0.004184
10	0.399582	0.004184	0.58159	0.014644
11	0.0481170481170481	0.0502090502090502	0.642259642259642	0.259414259414259
12	0.008368	0.006276	0.985356	0.0
13	0.119246880753119	0.0376569623430377	0.815899184100816	0.0271969728030272
14	0.10251	0.8159	0.01046	0.07113
15	0.297071	0.014644	0.667364	0.020921
16	0.069037930962069	0.612970387029613	0.278242721757278	0.0397489602510397
17	0.0962340962340962	0.41004241004241	0.0983260983260983	0.395397395397395
18	0.317992	0.334728	0.311715	0.035565
19	0.154812	0.213389	0.351464	0.280335
20	0.345188	0.223849	0.236402	0.194561
21	0.154812	0.186192	0.554393	0.104603
