Pos	A	C	G	T
1	0.214429214429214	0.0781560781560782	0.593186593186593	0.114228114228114
2	0.056112	0.891784	0.024048	0.028056
3	0.008016	0.991984	0.0	0.0
4	0.701403	0.018036	0.220441	0.06012
5	0.018036	0.659319	0.320641	0.002004
6	0.0901800901800902	0.569138569138569	0.0561120561120561	0.284569284569285
7	0.8998	0.02004	0.066132	0.014028
8	0.0	0.002004	0.993988	0.004008
9	0.380762	0.006012	0.611222	0.002004
10	0.0320640320640321	0.0581160581160581	0.623246623246623	0.286573286573287
11	0.01002	0.004008	0.97996	0.006012
12	0.134269	0.054108	0.769539	0.042084
13	0.0841680841680842	0.813627813627814	0.0300600300600301	0.0721440721440721
14	0.314629	0.016032	0.649299	0.02004
15	0.0801600801600802	0.577154577154577	0.298597298597299	0.0440880440880441
