Pos	A	C	G	T
1	0.985366	0.0	0.014634	0.0
2	0.014634	0.0	0.982927	0.002439
3	0.05122	0.726829	0.143902	0.078049
4	0.992683	0.0	0.0	0.007317
5	0.0	1.0	0.0	0.0
6	0.0121950121950122	0.943902943902944	0.00731700731700732	0.0365850365850366
7	0.597561	0.090244	0.139024	0.173171
8	0.112195	0.302439	0.070732	0.514634
9	0.007317	0.0	0.992683	0.0
10	0.007317	0.0	0.992683	0.0
11	0.939024939024939	0.0439020439020439	0.00243900243900244	0.0146340146340146
12	0.0	0.848780848780849	0.114634114634115	0.0365850365850366
13	1.0	0.0	0.0	0.0
14	0.014634	0.002439	0.982927	0.0
15	0.0926829073170927	0.756097243902756	0.0634149365850634	0.0878049121950878
