Pos	A	C	G	T
1	0.136161	0.3125	0.21875	0.332589
2	0.14955385044615	0.0714289285710714	0.305803694196306	0.473213526786473
3	0.0691960691960692	0.0	0.910714910714911	0.0200890200890201
4	0.066964	0.0	0.933036	0.0
5	0.8125	0.022321	0.15625	0.008929
6	0.875	0.037946	0.046875	0.040179
7	0.729911	0.002232	0.033482	0.234375
8	0.125	0.098214	0.229911	0.546875
9	0.051339	0.526786	0.0	0.421875
10	0.069196	0.930804	0.0	0.0
11	0.0	1.0	0.0	0.0
12	0.0	1.0	0.0	0.0
13	0.263392736607263	0.258928741071259	0.0267859732140268	0.450892549107451
14	0.283482	0.154018	0.258929	0.303571
