Pos	A	C	G	T
1	0.190372	0.341357	0.277899	0.190372
2	0.181619181619182	0.339168339168339	0.19037219037219	0.288840288840289
3	0.129103	0.323851	0.214442	0.332604
4	0.133479	0.080963	0.347921	0.437637
5	0.0262580262580263	0.00437600437600438	0.954048954048954	0.0153170153170153
6	0.050328	0.0	0.947484	0.002188
7	0.80744	0.010941	0.181619	0.0
8	0.884026	0.045952	0.02407	0.045952
9	0.761488	0.0	0.019694	0.218818
10	0.094092	0.124726	0.269147	0.512035
11	0.037199	0.59081	0.010941	0.36105
12	0.063457	0.936543	0.0	0.0
13	0.0	1.0	0.0	0.0
14	0.006565	0.993435	0.0	0.0
15	0.234136	0.277899	0.07221	0.415755
