Pos	A	C	G	T
1	0.091278	0.401623	0.281947	0.225152
2	0.11359	0.432049	0.26572	0.188641
3	0.105476894523105	0.346855653144347	0.385395614604385	0.162271837728162
4	0.070994	0.419878	0.440162	0.068966
5	0.190669190669191	0.292089292089292	0.446247446247446	0.070994070994071
6	0.052738	0.432049	0.117647	0.397566
7	0.0	1.0	0.0	0.0
8	0.993915	0.0	0.006085	0.0
9	0.0	0.870183	0.0	0.129817
10	0.010142	0.01217	0.977688	0.0
11	0.0	0.0	0.0	1.0
12	0.0	0.0	1.0	0.0
13	0.884381	0.052738	0.048682	0.014199
14	0.0	0.86004013995986	0.0182559817440183	0.121703878296122
15	0.127789	0.484787	0.172414	0.21501
