Pos	A	C	G	T
1	0.132762	0.149893	0.331906	0.385439
2	0.569593	0.143469	0.271949	0.014989
3	0.0	0.0	0.0	1.0
4	0.0	0.0	0.0	1.0
5	0.0278370278370278	0.0	0.871520871520872	0.100642100642101
6	0.0	1.0	0.0	0.0
7	0.605995394004606	0.0642399357600642	0.220556779443221	0.109207890792109
8	0.205567	0.490364	0.0	0.304069
9	0.695931	0.304069	0.0	0.0
10	1.0	0.0	0.0	0.0
11	0.004283	0.394004	0.126338	0.475375
12	0.286937713062287	0.383297616702383	0.109207890792109	0.220556779443221
13	0.218415	0.344754	0.179872	0.256959
14	0.222698	0.297645	0.171306	0.308351
