Pos	A	C	G	T
1	0.141935141935142	0.0494620494620495	0.382796382796383	0.425806425806426
2	0.032258	0.0	0.954839	0.012903
3	0.0215050215050215	0.0	0.965591965591966	0.0129030129030129
4	0.778494221505778	0.0107529892470108	0.210752789247211	0.0
5	0.987096012903987	0.00215099784900215	0.0107529892470108	0.0
6	0.864516	0.0	0.015054	0.12043
7	0.107527	0.135484	0.303226	0.453763
8	0.047312	0.533333	0.012903	0.406452
9	0.070968	0.929032	0.0	0.0
10	0.012903	0.984946	0.002151	0.0
11	0.083871	0.905376	0.010753	0.0
