Pos	A	C	G	T
1	0.218437	0.056112	0.563126	0.162325
2	0.0841680841680842	0.823647823647824	0.0541080541080541	0.0380760380760381
3	0.018036	0.97996	0.0	0.002004
4	0.725451	0.014028	0.146293	0.114228
5	0.0360720360720361	0.613226613226613	0.336673336673337	0.014028014028014
6	0.140281	0.503006	0.066132	0.290581
7	0.901804	0.022044	0.052104	0.024048
8	0.0	0.0	0.991984	0.008016
9	0.390782	0.002004	0.601202	0.006012
10	0.046092	0.024048	0.553106	0.376754
11	0.014028	0.0	0.985972	0.0
12	0.0921840921840922	0.0300600300600301	0.835671835671836	0.0420840420840421
13	0.1002001002001	0.761523761523762	0.02004002004002	0.118236118236118
14	0.370741370741371	0.00801600801600802	0.611222611222611	0.01002001002001
15	0.0801600801600802	0.535070535070535	0.324649324649325	0.0601200601200601
