Pos	A	C	G	T
1	0.987951012048988	0.0	0.00963899036100964	0.00240999759000241
2	0.00481900481900482	0.00481900481900482	0.99036199036199	0.0
3	0.0650600650600651	0.677108677108677	0.2000002000002	0.0578310578310578
4	0.992771	0.0	0.00241	0.004819
5	0.0	1.0	0.0	0.0
6	0.016867	0.942169	0.00241	0.038554
7	0.595181	0.113253	0.098795	0.192771
8	0.122892	0.274699	0.077108	0.525301
9	0.019277	0.0	0.980723	0.0
10	0.00241	0.0	0.99759	0.0
11	0.93012093012093	0.0433730433730434	0.00241000241000241	0.0240960240960241
12	0.004819	0.833735	0.13253	0.028916
13	1.0	0.0	0.0	0.0
14	0.0216869783130217	0.00240999759000241	0.975903024096976	0.0
15	0.103614103614104	0.73012073012073	0.0674700674700675	0.0987950987950988
16	0.236144763855236	0.00963899036100964	0.433734566265434	0.320481679518321
