Pos	A	C	G	T
1	0.214592	0.39485	0.255365	0.135193
2	0.236052	0.409871	0.11588	0.238197
3	0.321888	0.259657	0.238197	0.180258
4	0.16952816952817	0.0472100472100472	0.100858100858101	0.682403682403682
5	0.096567	0.109442	0.667382	0.126609
6	0.0257510257510258	0.572961572961573	0.354077354077354	0.0472100472100472
7	0.0	1.0	0.0	0.0
8	0.0	0.888412	0.0	0.111588
9	0.03004296995703	0.28969971030029	0.0557939442060558	0.624463375536624
10	0.0407729592270408	0.429184570815429	0.452789547210453	0.0772529227470773
11	0.600858600858601	0.0278970278970279	0.326180326180326	0.0450640450640451
12	0.012876	0.0	0.987124	0.0
13	0.0	0.0	1.0	0.0
14	0.0	0.686695	0.300429	0.012876
15	0.287553712446287	0.233905766094234	0.167381832618167	0.311158688841311
