Pos	A	C	G	T
1	0.165992	0.208502	0.425101	0.200405
2	0.226720773279227	0.0546559453440547	0.587044412955587	0.131578868421132
3	0.074899	0.836032	0.034413	0.054656
4	0.0	1.0	0.0	0.0
5	0.748988	0.02834	0.1417	0.080972
6	0.04251	0.629555	0.313765	0.01417
7	0.119433	0.48583	0.064777	0.32996
8	0.912955912955913	0.0101210101210101	0.0546560546560547	0.0222670222670223
9	0.0	0.0	1.0	0.0
10	0.485830485830486	0.0101210101210101	0.493927493927494	0.0101210101210101
11	0.0283400283400283	0.0283400283400283	0.627530627530628	0.315789315789316
12	0.012146	0.0	0.987854	0.0
13	0.141700141700142	0.0425100425100425	0.773279773279773	0.0425100425100425
14	0.103239	0.775304	0.022267	0.09919
15	0.366397	0.01417	0.605263	0.01417
