Pos	A	C	G	T
1	0.064909	0.858012	0.042596	0.034483
2	0.008114	0.991886	0.0	0.0
3	0.673427326572673	0.0385399614600385	0.202839797160203	0.0851929148070852
4	0.028398	0.675456	0.283976	0.01217
5	0.0851929148070852	0.59026340973659	0.0608519391480608	0.263691736308264
6	0.898579101420898	0.0182559817440183	0.0486819513180487	0.0344829655170345
7	0.002028	0.0	0.997972	0.0
8	0.36714	0.004057	0.628803	0.0
9	0.0283979716020284	0.0283979716020284	0.695739304260696	0.247464752535247
10	0.008114	0.006085	0.979716	0.006085
11	0.073022	0.046653	0.845842	0.034483
12	0.10142	0.813387	0.018256	0.066937
13	0.26572	0.014199	0.703854	0.016227
14	0.060852	0.602434	0.283976	0.052738
15	0.0791079208920791	0.46044553955446	0.115618884381116	0.344827655172345
16	0.334685665314335	0.29006070993929	0.336713663286337	0.0385399614600385
17	0.10142	0.261663	0.395538	0.241379
