Pos	A	C	G	T
1	0.186047	0.465116	0.27907	0.069767
2	0.395349	0.348837	0.046512	0.209302
3	0.116279	0.302326	0.372093	0.209302
4	0.209302209302209	0.325581325581326	0.372093372093372	0.093023093023093
5	0.0465119534880465	0.0	0.186046813953186	0.767441232558768
6	0.0	0.348837	0.627907	0.023256
7	0.55814	0.093023	0.209302	0.139535
8	0.0	0.302325697674302	0.13953486046514	0.558139441860558
9	0.0	0.0	0.0	1.0
10	0.023256	0.0	0.093023	0.883721
11	0.162790837209163	0.674418325581674	0.0465119534880465	0.116278883721116
12	0.0465119534880465	0.627906372093628	0.0232559767440233	0.302325697674302
13	0.372093	0.093023	0.418605	0.116279
14	0.27907	0.0	0.72093	0.0
15	0.0	0.0	0.651163	0.348837
16	0.883721	0.116279	0.0	0.0
17	0.976744	0.023256	0.0	0.0
18	0.697674	0.023256	0.186047	0.093023
19	0.162791	0.232558	0.116279	0.488372
20	0.255814	0.116279	0.534884	0.093023
