Pos	A	C	G	T
1	0.09697	0.418182	0.264646	0.220202
2	0.105051	0.349495	0.40202	0.143434
3	0.094949	0.365657	0.327273	0.212121
4	0.076768	0.329293	0.50101	0.092929
5	0.173737173737174	0.252525252525252	0.529293529293529	0.0444440444440444
6	0.046465	0.349495	0.149495	0.454545
7	0.0	1.0	0.0	0.0
8	0.991919	0.0	0.0	0.008081
9	0.0	0.840404	0.006061	0.153535
10	0.028283	0.010101	0.961616	0.0
11	0.0	0.0	0.0	1.0
12	0.0	0.0	1.0	0.0
13	0.953535	0.016162	0.026263	0.00404
14	0.0	0.878788	0.010101	0.111111
15	0.10101	0.521212	0.165657	0.212121
16	0.143434	0.428283	0.256566	0.171717
