Pos	A	C	G	T
1	0.338677	0.136273	0.210421	0.314629
2	0.352705352705353	0.116232116232116	0.422846422846423	0.108216108216108
3	0.607214	0.086172	0.138277	0.168337
4	0.709419709419709	0.11022011022011	0.112224112224112	0.0681360681360681
5	0.865731865731866	0.0	0.118236118236118	0.016032016032016
6	0.0501	0.006012	0.917836	0.026052
7	0.182364817635182	0.018035981964018	0.168336831663168	0.631262368737631
8	0.042084	0.002004	0.955912	0.0
9	0.993988	0.006012	0.0	0.0
10	0.935872	0.0	0.064128	0.0
11	0.96994	0.0	0.008016	0.022044
12	0.01002	0.032064	0.931864	0.026052
13	0.01002001002001	0.0881760881760882	0.0661320661320661	0.835671835671836
14	0.188377	0.104208	0.482966	0.224449
15	0.400801599198401	0.194388805611194	0.22044077955922	0.184368815631184
