Pos	A	C	G	T
1	0.284482715517284	0.068965931034069	0.521551478448521	0.124999875000125
2	0.075431	0.840517	0.045259	0.038793
3	0.0	1.0	0.0	0.0
4	0.730603730603731	0.0237070237070237	0.127155127155127	0.118534118534119
5	0.0323279676720323	0.558189441810558	0.39008560991439	0.0193969806030194
6	0.133621	0.4375	0.0625	0.366379
7	0.898707	0.015086	0.05819	0.028017
8	0.006466	0.0	0.993534	0.0
9	0.413793	0.002155	0.571121	0.012931
10	0.0603449396550603	0.0258619741380259	0.594827405172595	0.318965681034319
11	0.015086	0.0	0.978448	0.006466
12	0.068965931034069	0.0452589547410453	0.827585172414828	0.0581899418100582
13	0.135775864224136	0.747844252155748	0.0215519784480216	0.0948279051720948
14	0.385776	0.025862	0.551724	0.036638
15	0.06681	0.528017	0.344828	0.060345
16	0.112068887931112	0.385775614224386	0.0948279051720948	0.407327592672407
17	0.334052	0.280172	0.323276	0.0625
18	0.107759	0.226293	0.323276	0.342672
