Pos	A	C	G	T
1	0.889157	0.0	0.110843	0.0
2	0.838554838554839	0.0506020506020506	0.0337350337350337	0.0771080771080771
3	0.253011746988253	0.240963759036241	0.46987953012047	0.0361449638550361
4	1.0	0.0	0.0	0.0
5	0.0	0.0	0.004819	0.995181
6	0.0	0.0	1.0	0.0
7	0.0	0.0	0.992771	0.007229
8	0.026506	0.954217	0.0	0.019277
9	0.038554	0.183133	0.653012	0.125301
10	0.079518	0.103614	0.768675	0.048193
11	0.072289	0.838554	0.033735	0.055422
12	0.108434	0.378313	0.363855	0.149398
13	0.168675	0.339759	0.366265	0.125301
14	0.115662884337116	0.561445438554562	0.20963879036121	0.113252886747113
15	0.156626843373157	0.436144563855436	0.342168657831342	0.0650599349400651
