Pos	A	C	G	T
1	0.197674	0.351163	0.262791	0.188372
2	0.174418825581174	0.327906672093328	0.206976793023207	0.290697709302291
3	0.118605	0.297674	0.227907	0.355814
4	0.12093	0.072093	0.37907	0.427907
5	0.044186	0.0	0.939535	0.016279
6	0.034884	0.0	0.960465	0.004651
7	0.802325197674802	0.0186049813950186	0.179069820930179	0.0
8	0.965116	0.011628	0.023256	0.0
9	0.82093	0.002326	0.023256	0.153488
10	0.132558	0.118605	0.3	0.448837
11	0.053488	0.544186	0.0	0.402326
12	0.062791	0.937209	0.0	0.0
13	0.0	1.0	0.0	0.0
14	0.051163	0.944186	0.004651	0.0
15	0.223255776744223	0.246511753488246	0.0581399418600581	0.472092527907472
