Pos	A	C	G	T
1	0.050633	0.85865	0.042194	0.048523
2	0.014768	0.985232	0.0	0.0
3	0.732068	0.033755	0.116034	0.118143
4	0.0506329493670506	0.672995327004673	0.25949374050626	0.0168779831220169
5	0.147679147679148	0.455696455696456	0.0358650358650359	0.360759360759361
6	0.900844	0.008439	0.054852	0.035865
7	0.0	0.0	0.989451	0.010549
8	0.432489432489433	0.00843900843900844	0.554852554852555	0.00421900421900422
9	0.033755	0.006329	0.57384	0.386076
10	0.010549	0.0	0.983122	0.006329
11	0.0527429472570527	0.0506329493670506	0.831223168776831	0.0654009345990654
12	0.14346	0.748945	0.027426	0.080169
13	0.413502	0.016878	0.540084	0.029536
14	0.090717	0.575949	0.280591	0.052743
15	0.147679	0.367089	0.06962	0.415612
