Pos	A	C	G	T
1	0.184269815730184	0.337078662921337	0.186516813483186	0.292134707865292
2	0.141573	0.260674	0.222472	0.375281
3	0.125843	0.080899	0.355056	0.438202
4	0.0651689348310652	0.0	0.912359087640912	0.0224719775280225
5	0.051685	0.0	0.948315	0.0
6	0.85618	0.011236	0.132584	0.0
7	0.937079	0.033708	0.029213	0.0
8	0.77977577977578	0.00449400449400449	0.0157300157300157	0.2000002000002
9	0.112359887640112	0.119100880899119	0.314606685393315	0.453932546067454
10	0.044944	0.510112	0.011236	0.433708
11	0.065169	0.934831	0.0	0.0
12	0.0	1.0	0.0	0.0
13	0.053933	0.94382	0.002247	0.0
14	0.244944	0.269663	0.058427	0.426966
15	0.280899	0.157303	0.247191	0.314607
