Pos	A	C	G	T
1	0.0901469098530902	0.0754719245280755	0.197064802935197	0.637316362683637
2	0.0020960020960021	0.102725102725103	0.0628930628930629	0.832285832285832
3	0.002096	0.97065	0.0	0.027254
4	1.0	0.0	0.0	0.0
5	0.004193	0.0	0.995807	0.0
6	0.0377359622640377	0.821802178197822	0.113207886792113	0.0272539727460273
7	0.993711	0.0	0.0	0.006289
8	0.0	1.0	0.0	0.0
9	0.012579	0.924528	0.010482	0.052411
10	0.553459553459553	0.117400117400117	0.174004174004174	0.155136155136155
11	0.111110888889111	0.358490641509358	0.142557857442143	0.387840612159388
12	0.041929	0.050314	0.895178	0.012579
13	0.054507	0.046122	0.880503	0.018868
14	0.773585	0.100629	0.077568	0.048218
