Pos	A	C	G	T
1	0.17096	0.302108	0.208431	0.318501
2	0.112412	0.316159	0.245902	0.325527
3	0.133489133489133	0.0913350913350914	0.309133309133309	0.466042466042466
4	0.051522	0.0	0.934426	0.014052
5	0.0679159320840679	0.00702599297400703	0.911006088993911	0.0140519859480141
6	0.836065163934836	0.0117099882900117	0.147540852459148	0.00468399531600468
7	0.920375	0.030445	0.025761	0.023419
8	0.765808	0.007026	0.028103	0.199063
9	0.131147868852131	0.11006988993011	0.278688721311279	0.48009351990648
10	0.056206	0.533958	0.007026	0.40281
11	0.074941	0.925059	0.0	0.0
12	0.0	1.0	0.0	0.0
13	0.014052	0.985948	0.0	0.0
14	0.227166227166227	0.25995325995326	0.0562060562060562	0.456674456674457
15	0.266979	0.173302	0.255269	0.30445
