Pos	A	C	G	T
1	0.0655739344260656	0.360655639344361	0.131147868852131	0.442622557377443
2	0.143443	0.186475	0.467213	0.202869
3	0.190574	0.057377	0.616803	0.135246
4	0.059426	0.836066	0.045082	0.059426
5	0.002049	0.997951	0.0	0.0
6	0.747951	0.014344	0.155738	0.081967
7	0.036885	0.635246	0.317623	0.010246
8	0.161885	0.487705	0.057377	0.293033
9	0.895491104508896	0.0204919795080205	0.0532789467210533	0.0307379692620307
10	0.0	0.0	0.995902	0.004098
11	0.424179575820424	0.00614799385200615	0.563524436475563	0.00614799385200615
12	0.0327869672130328	0.0184429815570184	0.608606391393609	0.34016365983634
13	0.012295	0.0	0.981557	0.006148
14	0.088115	0.045082	0.805328	0.061475
15	0.112704887295113	0.793032206967793	0.0184429815570184	0.0758199241800758
16	0.397541	0.012295	0.569672	0.020492
17	0.0614750614750615	0.543033543033543	0.356557356557357	0.0389340389340389
18	0.112705	0.440574	0.067623	0.379098
