Pos	A	C	G	T
1	0.21831	0.603286	0.065728	0.112676
2	0.929577	0.0	0.070423	0.0
3	0.889671	0.025822	0.035211	0.049296
4	0.220657220657221	0.215962215962216	0.495305495305495	0.0680750680750681
5	1.0	0.0	0.0	0.0
6	0.0	0.004695	0.004695	0.99061
7	0.0	0.0	0.997653	0.002347
8	0.0	0.0	0.99061	0.00939
9	0.028169	0.938967	0.0	0.032864
10	0.042254	0.192488	0.629108	0.13615
11	0.0868540868540869	0.100939100939101	0.772300772300772	0.0399060399060399
12	0.07277	0.802817	0.046948	0.077465
13	0.119718	0.368545	0.352113	0.159624
14	0.211268	0.333333	0.316901	0.138498
15	0.131455131455131	0.546948546948547	0.192488192488192	0.129108129108129
