Pos	A	C	G	T
1	0.0736199263800736	0.834355165644834	0.0490799509200491	0.0429449570550429
2	0.0	0.997955	0.0	0.002045
3	0.813906	0.02045	0.106339	0.059305
4	0.03681	0.648262	0.300613	0.014315
5	0.147239	0.429448	0.055215	0.368098
6	0.891615108384892	0.0224949775050225	0.0552149447850552	0.0306749693250307
7	0.002045	0.0	0.99591	0.002045
8	0.505112	0.006135	0.482618	0.006135
9	0.022495	0.02863	0.539877	0.408998
10	0.01227	0.0	0.98364	0.00409
11	0.141104	0.051125	0.754601	0.05317
12	0.11042911042911	0.736196736196736	0.0224950224950225	0.130879130879131
13	0.429448	0.00818	0.537832	0.02454
