Pos	A	C	G	T
1	0.0	0.304183	0.003802	0.692015
2	0.954373	0.003802	0.022814	0.019011
3	0.003802	0.958175	0.030418	0.007605
4	0.182509817490183	0.0342209657790342	0.0152089847910152	0.768060231939768
5	0.026616	0.003802	0.961977	0.007605
6	0.045627	0.019011	0.912548	0.022814
7	0.73003873003873	0.019011019011019	0.0874520874520875	0.163498163498164
8	0.030418	0.015209	0.954373	0.0
9	0.96958103041897	0.00760499239500761	0.0114069885930114	0.0114069885930114
10	0.258555	0.022814	0.695817	0.022814
11	0.973384	0.011407	0.015209	0.0
12	0.908745	0.007605	0.08365	0.0
13	0.81749	0.011407	0.171103	0.0
14	0.0	0.958174041825958	0.00760499239500761	0.0342209657790342
15	0.011407	0.923954	0.007605	0.057034
