Pos	A	C	G	T
1	0.509474	0.096842	0.185263	0.208421
2	0.164210835789164	0.282104717895282	0.292631707368293	0.261052738947261
3	0.056842	0.046316	0.109474	0.787368
4	0.162105	0.334737	0.046316	0.456842
5	0.141053	0.269474	0.075789	0.513684
6	0.206316	0.44	0.094737	0.258947
7	0.353684	0.109474	0.389474	0.147368
8	0.431579	0.086316	0.208421	0.273684
9	0.372631627368373	0.0147369852630147	0.0947369052630947	0.517894482105518
10	0.73052673052673	0.0484210484210484	0.0189470189470189	0.202105202105202
11	0.0	0.0	0.0	1.0
12	0.006316	0.016842	0.863158	0.113684
13	0.987368	0.0	0.0	0.012632
14	0.069474	0.448421	0.456842	0.025263
15	0.00421099578900421	0.0	0.00421099578900421	0.991578008421992
16	0.138947	0.783158	0.077895	0.0
17	0.861053	0.016842	0.046316	0.075789
18	0.130526	0.157895	0.296842	0.414737
19	0.246316	0.357895	0.147368	0.248421
