Pos	A	C	G	T
1	0.17437	0.359244	0.182773	0.283613
2	0.115546115546116	0.296218296218296	0.231092231092231	0.357143357143357
3	0.115546	0.069328	0.415966	0.39916
4	0.0546219453780546	0.0	0.939075060924939	0.0063029936970063
5	0.048319	0.0	0.936975	0.014706
6	0.819328	0.014706	0.165966	0.0
7	0.915966	0.031513	0.035714	0.016807
8	0.810924	0.0	0.027311	0.161765
9	0.117647	0.119748	0.319328	0.443277
10	0.0462180462180462	0.535714535714536	0.0084030084030084	0.40966440966441
11	0.058824	0.941176	0.0	0.0
12	0.0	1.0	0.0	0.0
13	0.035714	0.964286	0.0	0.0
14	0.235294	0.294118	0.054622	0.415966
15	0.306723	0.180672	0.237395	0.27521
