Pos	A	C	G	T
1	0.231325	0.568675	0.077108	0.122892
2	0.896386	0.0	0.103614	0.0
3	0.853012	0.038554	0.033735	0.074699
4	0.238554238554239	0.233735233735234	0.484337484337484	0.0433730433730434
5	1.0	0.0	0.0	0.0
6	0.0	0.00241	0.007229	0.990361
7	0.0	0.0	0.995181	0.004819
8	0.0	0.0	0.987952	0.012048
9	0.026506	0.939759	0.0	0.033735
10	0.0481929518070482	0.149397850602149	0.681927318072682	0.12048187951812
11	0.074699	0.110843	0.759036	0.055422
12	0.072289	0.821687	0.048193	0.057831
13	0.103614	0.383133	0.349398	0.163855
14	0.180723	0.322892	0.344578	0.151807
15	0.122892	0.554217	0.192771	0.13012
