Pos	A	C	G	T
1	0.271966728033272	0.0669459330540669	0.508367491632508	0.152719847280153
2	0.096234	0.822176	0.043933	0.037657
3	0.004184	0.995816	0.0	0.0
4	0.801255801255801	0.0125520125520126	0.1004181004181	0.0857740857740858
5	0.0292889707110293	0.619246380753619	0.328451671548328	0.023012976987023
6	0.138075	0.424686	0.062762	0.374477
7	0.895397	0.027197	0.046025	0.031381
8	0.002092	0.0	0.993724	0.004184
9	0.476987476987477	0.0167360167360167	0.506276506276506	0.0
10	0.037657	0.033473	0.504184	0.424686
11	0.014644	0.004184	0.981172	0.0
12	0.117155	0.039749	0.797071	0.046025
13	0.106695	0.75523	0.018828	0.119247
14	0.410042	0.002092	0.556485	0.031381
15	0.087866	0.508368	0.359833	0.043933
