Pos	A	C	G	T
1	0.266	0.164	0.202	0.368
2	0.258	0.228	0.204	0.31
3	0.116	0.28	0.1	0.504
4	0.2	0.172	0.376	0.252
5	0.344	0.07	0.464	0.122
6	0.078	0.858	0.028	0.036
7	0.006	0.98	0.0	0.014
8	0.83	0.006	0.096	0.068
9	0.036	0.668	0.268	0.028
10	0.158	0.372	0.04	0.43
11	0.912	0.016	0.036	0.036
12	0.01	0.0	0.982	0.008
13	0.474	0.01	0.508	0.008
14	0.028	0.032	0.478	0.462
15	0.016	0.0	0.978	0.006
16	0.114	0.036	0.764	0.086
17	0.094	0.78	0.022	0.104
18	0.508	0.012	0.462	0.018
19	0.116	0.454	0.384	0.046
20	0.138	0.328	0.078	0.456
21	0.398	0.226	0.318	0.058
