Pos	A	C	G	T
1	0.173386826613173	0.195564804435196	0.401209598790401	0.22983877016123
2	0.298387	0.066532	0.5	0.135081
3	0.0685480685480685	0.848790848790849	0.0383060383060383	0.0443550443550444
4	0.010081	0.983871	0.0	0.006048
5	0.78629	0.012097	0.122984	0.078629
6	0.032258	0.647177	0.294355	0.02621
7	0.169355	0.417339	0.066532	0.346774
8	0.864919	0.034274	0.058468	0.042339
9	0.020161	0.002016	0.969758	0.008065
10	0.485887	0.004032	0.495968	0.014113
11	0.042339	0.014113	0.546371	0.397177
12	0.016129	0.0	0.975806	0.008065
13	0.0846770846770847	0.0362900362900363	0.814516814516814	0.0645160645160645
14	0.106855	0.768145	0.022177	0.102823
15	0.435484	0.012097	0.534274	0.018145
16	0.102823	0.534274	0.318548	0.044355
17	0.112903	0.326613	0.094758	0.465726
18	0.356855	0.239919	0.342742	0.060484
