Pos	A	C	G	T
1	0.024465	0.085627	0.027523	0.862385
2	0.0	0.987768	0.003058	0.009174
3	1.0	0.0	0.0	0.0
4	0.0	0.357798	0.0	0.642202
5	0.917431	0.003058	0.051988	0.027523
6	0.012232	0.923547	0.045872	0.018349
7	0.174312	0.055046	0.027523	0.743119
8	0.030581	0.003058	0.966361	0.0
9	0.045872	0.036697	0.905199	0.012232
10	0.715596	0.027523	0.122324	0.134557
11	0.0458719541280459	0.0214069785930214	0.932721067278933	0.0
12	0.95107	0.006116	0.024465	0.018349
13	0.256881	0.012232	0.703364	0.027523
14	0.951069048930951	0.0183489816510184	0.0152909847090153	0.0152909847090153
15	0.911315	0.006116	0.082569	0.0
