Pos	A	C	G	T
1	0.10199	0.087065	0.256219	0.554726
2	0.00995	0.141791	0.064677	0.783582
3	0.007463	0.940299	0.014925	0.037313
4	0.970149	0.0	0.022388	0.007463
5	0.012438	0.014925	0.972637	0.0
6	0.0522389477610522	0.763681236318764	0.136815863184137	0.0472639527360473
7	0.995025	0.0	0.0	0.004975
8	0.0	1.0	0.0	0.0
9	0.007463	0.960199	0.00995	0.022388
10	0.557214	0.099502	0.159204	0.18408
11	0.092039907960092	0.353233646766353	0.092039907960092	0.462686537313463
12	0.014925	0.0	0.982587	0.002488
13	0.014925	0.0	0.985075	0.0
14	0.890547	0.062189	0.007463	0.039801
15	0.0	0.88806	0.089552	0.022388
16	0.99005	0.0	0.0	0.00995
17	0.012438	0.004975	0.977612	0.004975
18	0.0945270945270945	0.721393721393721	0.106965106965107	0.0771140771140771
19	0.171642	0.017413	0.544776	0.266169
20	0.08209	0.646766	0.218905	0.052239
21	0.087065	0.761194	0.017413	0.134328
