Pos	A	C	G	T
1	0.069246	0.329939	0.114053	0.486762
2	0.171079	0.156823	0.435845	0.236253
3	0.254582	0.06721	0.541752	0.136456
4	0.0753560753560754	0.849287849287849	0.0407330407330407	0.0346230346230346
5	0.00611	0.985743	0.0	0.008147
6	0.810591	0.014257	0.093686	0.081466
7	0.03666	0.631365	0.303462	0.028513
8	0.150713	0.407332	0.046843	0.395112
9	0.887984	0.016293	0.052953	0.04277
10	0.008147	0.0	0.979633	0.01222
11	0.441955	0.01833	0.529532	0.010183
12	0.034623	0.050916	0.517312	0.397149
13	0.022403	0.002037	0.97556	0.0
14	0.148676	0.038697	0.755601	0.057026
15	0.10998	0.751527	0.016293	0.1222
16	0.407332	0.010183	0.562118	0.020367
17	0.0773929226070774	0.551934448065552	0.344195655804344	0.0264769735230265
18	0.107943	0.366599	0.065173	0.460285
19	0.401222	0.221996	0.325866	0.050916
20	0.1222	0.219959	0.317719	0.340122
