Pos	A	C	G	T
1	0.336364	0.097727	0.479545	0.086364
2	0.359091	0.018182	0.584091	0.038636
3	0.040909	0.0	0.959091	0.0
4	0.0113639886360114	0.0272729727270273	0.961363038636961	0.0
5	0.984091	0.0	0.0	0.015909
6	0.006818	0.002273	0.977273	0.013636
7	0.009091	0.247727	0.743182	0.0
8	0.965909	0.0	0.027273	0.006818
9	0.034091	0.315909	0.638636	0.011364
10	0.084091	0.225	0.5	0.190909
11	0.302272697727302	0.240908759091241	0.395454604545395	0.0613639386360614
12	0.356818356818357	0.213636213636214	0.32954532954533	0.1000001000001
13	0.104545104545105	0.147727147727148	0.615909615909616	0.131818131818132
14	0.375	0.109091	0.415909	0.1
15	0.193182	0.077273	0.629545	0.1
16	0.179545	0.145455	0.595455	0.079545
17	0.418182	0.122727	0.375	0.084091
18	0.234090765909234	0.0681819318180682	0.611363388636611	0.0863639136360864
19	0.152272847727152	0.152272847727152	0.634090365909634	0.0613639386360614
20	0.443182	0.095455	0.354545	0.106818
21	0.177273	0.129545	0.609091	0.084091
