Pos	A	C	G	T
1	0.007109	0.118483	0.07346	0.800948
2	0.00236999763000237	0.95023604976395	0.0165879834120166	0.0308059691940308
3	0.973934	0.0	0.021327	0.004739
4	0.007109	0.0	0.992891	0.0
5	0.056872	0.755924	0.137441	0.049763
6	0.988151011848988	0.0	0.00236999763000237	0.00947899052100948
7	0.0	1.0	0.0	0.0
8	0.004739	0.966825	0.009479	0.018957
9	0.549763	0.109005	0.180095	0.161137
10	0.090047	0.379147	0.106635	0.424171
11	0.018957	0.0	0.978673	0.00237
12	0.011848	0.0	0.988152	0.0
13	0.881517	0.06872	0.016588	0.033175
14	0.00710899289100711	0.86018913981086	0.109004890995109	0.0236969763030237
15	0.95023604976395	0.0165879834120166	0.0165879834120166	0.0165879834120166
