Pos	A	C	G	T
1	0.002012	0.997988	0.0	0.0
2	0.826961173038827	0.0140849859150141	0.0885309114690885	0.0704229295770704
3	0.0422539577460423	0.65995934004066	0.27967772032228	0.0181089818910181
4	0.130784869215131	0.418510581489418	0.0422539577460423	0.408450591549408
5	0.937626	0.006036	0.026157	0.030181
6	0.002012	0.0	0.997988	0.0
7	0.474849474849475	0.0100600100600101	0.503018503018503	0.0120720120720121
8	0.034205	0.032193	0.571429	0.362173
9	0.014085	0.0	0.979879	0.006036
10	0.152918	0.056338	0.72837	0.062374
11	0.136821	0.708249	0.028169	0.126761
12	0.426559	0.012072	0.54326	0.018109
