Pos	A	C	G	T
1	0.0901800901800902	0.80961980961981	0.0420840420840421	0.0581160581160581
2	0.0	0.995992	0.0	0.004008
3	0.807615807615808	0.016032016032016	0.0981960981960982	0.0781560781560782
4	0.04008	0.631263	0.314629	0.014028
5	0.134268865731134	0.442885557114443	0.0380759619240381	0.384769615230385
6	0.931864	0.018036	0.024048	0.026052
7	0.01002	0.0	0.98998	0.0
8	0.468938	0.01002	0.511022	0.01002
9	0.0340680340680341	0.02004002004002	0.575150575150575	0.370741370741371
10	0.022044	0.0	0.977956	0.0
11	0.148297	0.044088	0.739479	0.068136
12	0.144289	0.727455	0.01002	0.118236
13	0.432866	0.014028	0.523046	0.03006
14	0.114228114228114	0.494990494990495	0.346693346693347	0.0440880440880441
15	0.116232116232116	0.364729364729365	0.0721440721440721	0.446894446894447
