Pos	A	C	G	T
1	0.310838	0.063395	0.480573	0.145194
2	0.0838449161550839	0.832310167689832	0.044989955010045	0.0388549611450389
3	0.0	1.0	0.0	0.0
4	0.848670151329849	0.0122699877300123	0.0838449161550839	0.0552149447850552
5	0.038855	0.607362	0.329243	0.02454
6	0.147239	0.400818	0.071575	0.380368
7	0.90184	0.014315	0.04908	0.034765
8	0.006135	0.0	0.985685	0.00818
9	0.521472	0.00409	0.470348	0.00409
10	0.0327199672800327	0.0143149856850143	0.46012253987746	0.492842507157493
11	0.01227	0.0	0.985685	0.002045
12	0.092024907975092	0.0327199672800327	0.817995182004818	0.0572599427400573
13	0.071575	0.809816	0.00818	0.110429
14	0.525562	0.010225	0.456033	0.00818
15	0.0817999182000818	0.468302531697468	0.411042588957411	0.0388549611450388
16	0.100204	0.349693	0.075665	0.474438
17	0.413088	0.196319	0.349693	0.0409
