Pos	A	C	G	T
1	0.261052738947261	0.326315673684326	0.31999968000032	0.0926319073680926
2	0.416842	0.136842	0.229474	0.216842
3	0.191579	0.073684	0.604211	0.130526
4	0.227368	0.212632	0.515789	0.044211
5	0.593684593684594	0.107368107368107	0.273684273684274	0.0252630252630253
6	0.0	0.002105	0.0	0.997895
7	0.0	0.0	0.989474	0.010526
8	0.997895	0.002105	0.0	0.0
9	0.042105	0.461053	0.494737	0.002105
10	0.0	0.0	0.0	1.0
11	0.004211	0.995789	0.0	0.0
12	1.0	0.0	0.0	0.0
13	0.002105	0.454737	0.151579	0.391579
14	0.275789275789276	0.370526370526371	0.107368107368107	0.246316246316246
