Pos	A	C	G	T
1	0.042105	0.494737	0.105263	0.357895
2	0.063158	0.215789	0.026316	0.694737
3	0.068421	0.0	0.873684	0.057895
4	0.047368	0.931579	0.0	0.021053
5	0.005263	0.994737	0.0	0.0
6	0.242105242105242	0.742105742105742	0.0	0.0157890157890158
7	0.221052778947221	0.0894739105260895	0.326315673684326	0.363157636842363
8	0.1	0.368421	0.189474	0.342105
9	0.642105	0.121053	0.057895	0.178947
10	0.326316	0.163158	0.178947	0.331579
11	0.0526319473680526	0.521052478947521	0.0947369052630948	0.331578668421332
12	0.405263	0.410526	0.052632	0.131579
13	0.936842	0.0	0.057895	0.005263
14	0.915789915789916	0.0157890157890158	0.0263160263160263	0.0421050421050421
15	0.168421	0.221053	0.568421	0.042105
16	0.978947	0.0	0.021053	0.0
17	0.0	0.0	0.021053	0.978947
18	0.0	0.0	1.0	0.0
19	0.015789	0.0	0.957895	0.026316
20	0.057895	0.873684	0.010526	0.057895
21	0.068421	0.194737	0.610526	0.126316
