Pos	A	C	G	T
1	0.02004002004002	0.0741480741480742	0.0601200601200601	0.845691845691846
2	0.004008	0.965932	0.008016	0.022044
3	0.987976	0.0	0.012024	0.0
4	0.006012	0.006012	0.985972	0.002004
5	0.0480960480960481	0.787575787575788	0.116232116232116	0.0480960480960481
6	0.981964	0.004008	0.0	0.014028
7	0.0	0.993988	0.006012	0.0
8	0.018036	0.91984	0.004008	0.058116
9	0.547094	0.1002	0.190381	0.162325
10	0.1002	0.366733	0.144289	0.388778
11	0.052104	0.0501	0.895792	0.002004
12	0.042084	0.026052	0.915832	0.016032
13	0.78957978957979	0.0881760881760882	0.0741480741480741	0.0480960480960481
14	0.018036	0.771543	0.176353	0.034068
15	0.84969984969985	0.0380760380760381	0.0781560781560782	0.0340680340680341
