Pos	A	C	G	T
1	0.417942582057418	0.175054824945175	0.328227671772328	0.0787749212250788
2	0.365427	0.14442	0.315098	0.175055
3	0.251641	0.179431	0.424508	0.14442
4	0.227571	0.262582	0.33698	0.172867
5	0.621444	0.199125	0.16849	0.010941
6	0.0	0.0	0.0	1.0
7	0.0	0.0	0.925602	0.074398
8	1.0	0.0	0.0	0.0
9	0.013129	0.380744	0.597374	0.008753
10	0.004376	0.0	0.0	0.995624
11	0.0	1.0	0.0	0.0
12	1.0	0.0	0.0	0.0
13	0.0240699759300241	0.498905501094499	0.113785886214114	0.363238636761363
14	0.315098315098315	0.433260433260433	0.0371990371990372	0.214442214442214
15	0.269146730853269	0.258205741794258	0.308533691466309	0.164113835886164
