Pos	A	C	G	T
1	0.327935	0.220648	0.388664	0.062753
2	0.423077	0.103239	0.336032	0.137652
3	0.251012	0.174089	0.493927	0.080972
4	0.224696224696225	0.230769230769231	0.384615384615385	0.15991915991916
5	0.617408382591617	0.117408882591117	0.261133738866261	0.00404899595100405
6	0.0	0.0	0.0	1.0
7	0.0	0.0	1.0	0.0
8	0.997976	0.0	0.0	0.002024
9	0.01417	0.406883	0.578947	0.0
10	0.0	0.0	0.0	1.0
11	0.01417	0.983806	0.002024	0.0
12	0.997976	0.002024	0.0	0.0
13	0.006073	0.491903	0.11336	0.388664
14	0.319838	0.469636	0.04251	0.168016
15	0.352226647773352	0.220647779352221	0.311740688259312	0.115384884615115
