Pos	A	C	G	T
1	0.182519	0.187661	0.11054	0.51928
2	0.07455	0.154242	0.262211	0.508997
3	0.128535	0.192802	0.349614	0.329049
4	0.00514100514100514	0.98971798971799	0.0	0.00514100514100514
5	0.0	0.979434	0.0	0.020566
6	0.293059	0.017995	0.015424	0.673522
7	0.069409	0.017995	0.015424	0.897172
8	0.642673357326643	0.0	0.0514139485860514	0.305912694087306
9	0.007712	0.010283	0.005141	0.976864
10	0.496143503856496	0.0205659794340206	0.017994982005018	0.465295534704465
11	0.19023119023119	0.0154240154240154	0.0462720462720463	0.748072748072748
12	0.079692	0.0	0.920308	0.0
13	0.017994982005018	0.00257099742900257	0.976863023136977	0.00257099742900257
14	0.228792	0.244216	0.303342	0.22365
15	0.303342	0.437018	0.131105	0.128535
16	0.580977	0.107969	0.125964	0.18509
17	0.190231	0.156812	0.213368	0.439589
18	0.275064	0.187661	0.347044	0.190231
