Pos	A	C	G	T
1	0.0858899141100859	0.844580155419845	0.0286299713700286	0.0408999591000409
2	0.0	1.0	0.0	0.0
3	0.834356	0.006135	0.106339	0.05317
4	0.047035	0.638037	0.300613	0.014315
5	0.151329	0.435583	0.05726	0.355828
6	0.907975	0.02045	0.038855	0.03272
7	0.006135	0.0	0.993865	0.0
8	0.480572519427481	0.0143149856850143	0.496932503067497	0.00817999182000818
9	0.022495	0.026585	0.548057	0.402863
10	0.006135	0.0	0.993865	0.0
11	0.149284	0.05317	0.742331	0.055215
12	0.128834128834129	0.723926723926724	0.0245400245400245	0.122699122699123
13	0.402863	0.014315	0.554192	0.02863
