Pos	A	C	G	T
1	0.230461	0.082164	0.543086	0.144289
2	0.0601200601200601	0.823647823647824	0.0741480741480742	0.0420840420840421
3	0.018036	0.975952	0.004008	0.002004
4	0.757515	0.01002	0.138277	0.094188
5	0.0320640320640321	0.615230615230615	0.342685342685343	0.01002001002001
6	0.136273	0.501002	0.064128	0.298597
7	0.895792	0.008016	0.056112	0.04008
8	0.0	0.0	1.0	0.0
9	0.43487	0.002004	0.561122	0.002004
10	0.03006	0.022044	0.547094	0.400802
11	0.01002	0.0	0.985972	0.004008
12	0.04008	0.014028	0.881764	0.064128
13	0.0961920961920962	0.807615807615808	0.016032016032016	0.0801600801600802
14	0.430862	0.016032	0.521042	0.032064
15	0.0641280641280641	0.543086543086543	0.324649324649325	0.0681360681360681
