Pos	A	C	G	T
1	0.206818	0.618182	0.070455	0.104545
2	0.934091	0.002273	0.063636	0.0
3	0.895454104545896	0.0181819818180182	0.0363639636360364	0.04999995000005
4	0.190909	0.265909	0.5	0.043182
5	1.0	0.0	0.0	0.0
6	0.0	0.002273	0.004545	0.993182
7	0.0	0.0	0.997727	0.002273
8	0.0	0.0	0.995455	0.004545
9	0.022727	0.95	0.0	0.027273
10	0.034091	0.177273	0.663636	0.125
11	0.0909089090910909	0.0954549045450955	0.761363238636761	0.0522729477270523
12	0.0681819318180682	0.802272197727802	0.0522729477270523	0.0772729227270773
13	0.111364	0.365909	0.365909	0.156818
