Pos	A	C	G	T
1	0.1	0.308511	0.110638	0.480851
2	0.191489191489191	0.161702161702162	0.404255404255404	0.242553242553243
3	0.27234	0.061702	0.531915	0.134043
4	0.082978917021083	0.834042165957834	0.0382979617020383	0.0446809553190447
5	0.0	0.993617	0.0	0.006383
6	0.782979	0.029787	0.104255	0.082979
7	0.048936	0.63617	0.287234	0.02766
8	0.176596	0.397872	0.042553	0.382979
9	0.889361110638889	0.0212769787230213	0.0446809553190447	0.0446809553190447
10	0.002128	0.0	0.997872	0.0
11	0.457447	0.012766	0.519149	0.010638
12	0.0446810446810447	0.0297870297870298	0.553191553191553	0.372340372340372
13	0.004255	0.0	0.989362	0.006383
14	0.119149	0.029787	0.808511	0.042553
15	0.0957449042550957	0.7999992000008	0.00851099148900851	0.0957449042550957
16	0.44042555957444	0.0127659872340128	0.534042465957534	0.0127659872340128
17	0.082979	0.517021	0.368085	0.031915
18	0.142553	0.370213	0.076596	0.410638
