Pos	A	C	G	T
1	0.385042	0.254848	0.180055	0.180055
2	0.254848254848255	0.282548282548283	0.213296213296213	0.249307249307249
3	0.127423872576127	0.465373534626465	0.185595814404186	0.221606778393222
4	0.207756	0.626039	0.063712	0.102493
5	0.969529	0.0	0.030471	0.0
6	0.914127914127914	0.0166200166200166	0.036011036011036	0.0332410332410332
7	0.207756207756208	0.216066216066216	0.548476548476548	0.0277010277010277
8	1.0	0.0	0.0	0.0
9	0.0	0.0	0.00831	0.99169
10	0.0	0.0	0.99723	0.00277
11	0.0	0.0	0.99169	0.00831
12	0.022161	0.961219	0.0	0.01662
13	0.052632	0.171745	0.68144	0.094183
14	0.096953	0.124654	0.739612	0.038781
15	0.088643	0.792244	0.049861	0.069252
