Pos	A	C	G	T
1	0.106639893360107	0.798792201207799	0.0422539577460423	0.0523139476860523
2	0.006036	0.991952	0.002012	0.0
3	0.851106148893851	0.0	0.0744469255530745	0.0744469255530745
4	0.0140849859150141	0.635814364185636	0.325955674044326	0.0241449758550241
5	0.179074179074179	0.346076346076346	0.0342050342050342	0.440644440644441
6	0.913481	0.008048	0.04829	0.030181
7	0.0120720120720121	0.0	0.983903983903984	0.00402400402400402
8	0.488934	0.006036	0.496982	0.008048
9	0.04829	0.01006	0.464789	0.476861
10	0.01006	0.0	0.98994	0.0
11	0.10664	0.034205	0.758551	0.100604
12	0.122736122736123	0.756539756539757	0.00603600603600604	0.114688114688115
13	0.496981503018497	0.0140849859150141	0.462776537223463	0.0261569738430262
14	0.0663980663980664	0.509054509054509	0.366197366197366	0.0583500583500584
15	0.112676	0.338028	0.042254	0.507042
