Pos	A	C	G	T
1	0.202898797101203	0.057970942029058	0.604554395445605	0.134575865424135
2	0.062112	0.857143	0.037267	0.043478
3	0.0	1.0	0.0	0.0
4	0.739130739130739	0.0165630165630166	0.175983175983176	0.0683230683230683
5	0.031056	0.643892	0.320911	0.004141
6	0.115942	0.52795	0.066253	0.289855
7	0.921325	0.012422	0.045549	0.020704
8	0.0	0.0	1.0	0.0
9	0.443064	0.004141	0.546584	0.006211
10	0.028986	0.026915	0.63354	0.310559
11	0.004141	0.004141	0.989648	0.00207
12	0.126294	0.045549	0.795031	0.033126
13	0.0910970910970911	0.811594811594812	0.0124220124220124	0.0848860848860849
14	0.347826	0.010352	0.619048	0.022774
15	0.074534	0.538302	0.339545	0.047619
