Pos	A	C	G	T
1	0.089431	0.786585	0.069106	0.054878
2	0.0	1.0	0.0	0.0
3	0.697154697154697	0.00813000813000813	0.195122195122195	0.0995930995930996
4	0.026423	0.621951	0.341463	0.010163
5	0.095528	0.563008	0.081301	0.260163
6	0.896341896341896	0.0203250203250203	0.0487800487800488	0.0345530345530346
7	0.0	0.0	0.995935	0.004065
8	0.426829	0.004065	0.569106	0.0
9	0.012195	0.014228	0.585366	0.388211
10	0.012195	0.002033	0.985772	0.0
11	0.0284549715450285	0.0142279857720142	0.9004060995939	0.0569109430890569
12	0.0792680792680793	0.84959384959385	0.0121950121950122	0.0589430589430589
13	0.373984	0.018293	0.575203	0.03252
14	0.0792680792680793	0.567073567073567	0.290650290650291	0.063008063008063
15	0.107724	0.398374	0.101626	0.392276
