Pos	A	C	G	T
1	0.994898	0.0	0.002551	0.002551
2	0.0	1.0	0.0	0.0
3	0.010204	0.941327	0.010204	0.038265
4	0.57398	0.096939	0.145408	0.183673
5	0.0892859107140893	0.354591645408355	0.0841839158160842	0.471938528061472
6	0.015306	0.0	0.984694	0.0
7	0.007653	0.0	0.992347	0.0
8	0.908163	0.063776	0.005102	0.022959
9	0.002551	0.885204	0.091837	0.020408
10	0.997449	0.0	0.0	0.002551
11	0.017857	0.002551	0.977041	0.002551
12	0.0918369081630918	0.765305234694765	0.0765309234690765	0.0663269336730663
13	0.163265163265163	0.0102040102040102	0.545918545918546	0.280612280612281
14	0.096939	0.663265	0.196429	0.043367
15	0.091837	0.757653	0.017857	0.132653
