Pos	A	C	G	T
1	0.0610999389000611	0.861506138493861	0.0386969613030387	0.0386969613030387
2	0.00611	0.99389	0.0	0.0
3	0.720978	0.01833	0.158859	0.101833
4	0.01222	0.629328	0.346232	0.01222
5	0.10997989002011	0.533604466395534	0.0794299205700794	0.276985723014277
6	0.894094	0.008147	0.069246	0.028513
7	0.0	0.0	1.0	0.0
8	0.374745374745375	0.0	0.615071615071615	0.0101830101830102
9	0.044807	0.03055	0.602851	0.321792
10	0.010183	0.0	0.989817	0.0
11	0.081466	0.044807	0.837067	0.03666
12	0.101833	0.826884	0.016293	0.05499
13	0.372709	0.03055	0.580448	0.016293
14	0.0712830712830713	0.56008156008156	0.311609311609312	0.057026057026057
15	0.0773929226070774	0.427698572301428	0.103869896130104	0.391038608961391
