Pos	A	C	G	T
1	0.137214	0.178794	0.509356	0.174636
2	0.212058	0.097713	0.573805	0.116424
3	0.056133	0.841996	0.054054	0.047817
4	0.0	1.0	0.0	0.0
5	0.723493	0.016632	0.205821	0.054054
6	0.018711	0.656965	0.316008	0.008316
7	0.097713	0.553015	0.066528	0.282744
8	0.939709	0.012474	0.047817	0.0
9	0.0	0.0	1.0	0.0
10	0.428274	0.006237	0.557173	0.008316
11	0.039501	0.016632	0.598753	0.345114
12	0.010395	0.004158	0.983368	0.002079
13	0.081081	0.027027	0.848233	0.043659
14	0.081081	0.829522	0.031185	0.058212
15	0.363825	0.018711	0.598753	0.018711
