Pos	A	C	G	T
1	0.21573	0.017978	0.696629	0.069663
2	0.0202249797750202	0.00674199325800674	0.955055044944955	0.017977982022018
3	0.038202	0.006742	0.955056	0.0
4	1.0	0.0	0.0	0.0
5	0.004494	0.0	0.973034	0.022472
6	0.017978	0.193258	0.786517	0.002247
7	0.923596	0.0	0.062921	0.013483
8	0.098876	0.31236	0.552809	0.035955
9	0.0853929146070854	0.123595876404124	0.595505404494595	0.195505804494195
10	0.31011231011231	0.193258193258193	0.456180456180456	0.0404490404490404
11	0.379775	0.175281	0.294382	0.150562
12	0.0943819056180944	0.170786829213171	0.644943355056645	0.0898879101120899
13	0.451685	0.103371	0.323596	0.121348
14	0.206742	0.125843	0.582022	0.085393
15	0.168539	0.132584	0.573034	0.125843
