Pos	A	C	G	T
1	0.526242127361791	0.124212736179146	0.249125262421274	0.100419874037789
2	0.782683684028975	0.0438082097274922	0.147982062780269	0.0255260434632632
3	0.856841470765521	0.00421940928270042	0.00723327305605787	0.13170584689572
4	0.723736372646184	0.00297324083250743	0.00247770069375619	0.270812685827552
5	0.625548387096774	0.00567741935483871	0.00774193548387097	0.361032258064516
6	0.139228295819936	0.0	0.209967845659164	0.6508038585209
7	0.0116354234001293	0.177763413057531	0.779250161603103	0.0313510019392372
8	0.0	0.0	1.0	0.0
9	0.0	0.999247743229689	0.000752256770310933	0.0
10	0.0	0.0	1.0	0.0
11	0.0	0.999225606608157	0.000774393391843056	0.0
12	0.0289043244454403	0.842706699529465	0.1165135559041	0.0118754201209948
13	0.47510770703686	0.347774054571565	0.0	0.177118238391575
14	0.171386539168812	0.0169179845531445	0.0	0.811695476278043
15	0.0738066586442038	0.0	0.0	0.926193341355796
16	0.0955492037566354	0.00530828909759085	0.0	0.899142507145774
17	0.0140405616224649	0.220358814352574	0.0179407176287051	0.747659906396256
18	0.151136363636364	0.222727272727273	0.107575757575758	0.518560606060606
