Pos	A	C	G	T
1	0.74	0.02	0.06	0.18
2	0.981132075471698	0.0	0.0	0.0188679245283019
3	0.85	0.0	0.0	0.15
4	0.67741935483871	0.0	0.0161290322580645	0.306451612903226
5	0.170212765957447	0.0	0.0638297872340425	0.765957446808511
6	0.0	0.0882352941176471	0.911764705882353	0.0
7	0.0	0.0	1.0	0.0
8	0.0	1.0	0.0	0.0
9	0.0	0.0	1.0	0.0
10	0.0	1.0	0.0	0.0
11	0.0263157894736842	0.894736842105263	0.0789473684210526	0.0
12	0.638888888888889	0.111111111111111	0.0138888888888889	0.236111111111111
13	0.254901960784314	0.0588235294117647	0.0196078431372549	0.666666666666667
14	0.0238095238095238	0.0	0.0	0.976190476190476
15	0.0465116279069767	0.0	0.0	0.953488372093023
16	0.0697674418604651	0.0	0.0	0.930232558139535
