Pos	A	C	G	T
1	0.154255319148936	0.542553191489362	0.0531914893617021	0.25
2	0.52317880794702	0.0	0.152317880794702	0.324503311258278
3	0.235632183908046	0.0	0.0114942528735632	0.752873563218391
4	0.0588235294117647	0.0	0.0065359477124183	0.934640522875817
5	0.0202702702702703	0.0	0.0	0.97972972972973
6	0.00689655172413793	0.0	0.0137931034482759	0.979310344827586
7	0.0	0.0	1.0	0.0
8	0.0	0.0	1.0	0.0
9	0.0	1.0	0.0	0.0
10	0.00862068965517241	0.0	0.991379310344828	0.0
11	0.0	1.0	0.0	0.0
12	0.025	0.954166666666667	0.0208333333333333	0.0
13	0.709821428571429	0.0982142857142857	0.0	0.191964285714286
14	0.0958083832335329	0.0538922155688623	0.0119760479041916	0.838323353293413
15	0.0463576158940397	0.0	0.00662251655629139	0.947019867549669
16	0.0828025477707006	0.0	0.0	0.917197452229299
17	0.0419161676646707	0.131736526946108	0.00598802395209581	0.820359281437126
18	0.0949720670391061	0.100558659217877	0.128491620111732	0.675977653631285
