Pos	A	C	G	T
1	0.0766604896127963	0.442992294938067	0.0677200169056211	0.412627198543516
2	0.00390776385479912	0.00197002971192352	0.993379408345175	0.000742798088102312
3	0.120779919065003	0.00831989133203158	0.870447406401223	0.000452783201743215
4	0.000422105331515033	0.998733684005455	0.000389635690629262	0.000454574972400805
5	0.993539843018185	0.00500662166090636	0.000516812558545173	0.000936722762363125
6	6.49603741717552e-05	0.99905807457451	0.000422242432116409	0.000454722619202287
7	0.000615603939865215	0.00197641264904095	0.996597978227061	0.000810005184033178
8	0.000194464250988527	0.00226874959486614	0.000615803461463668	0.996920982692682
9	0.000226727991189998	0.00278551532033426	0.996275183001879	0.000712573686597137
10	0.00120544170828311	0.756697581736328	0.0101601515412433	0.231936825014145
11	0.000257474815744585	0.989958482185961	0.00189887676611631	0.00788516623217791
12	0.336877011606359	0.0437270392405475	0.516726811664879	0.102669137488215
