Pos	A	C	G	T
1	0.39685534591195	0.19874213836478	0.160377358490566	0.244025157232704
2	0.505766062602965	0.112575507962658	0.366831411312466	0.014827018121911
3	0.381132075471698	0.228930817610063	0.0308176100628931	0.359119496855346
4	0.506948640483384	0.0314199395770393	0.00845921450151057	0.453172205438066
5	0.919560185185185	0.0167824074074074	0.00983796296296296	0.0538194444444444
6	0.883759733036707	0.0139043381535039	0.00723025583982202	0.0951056729699666
7	0.00873362445414847	0.307548346849657	0.0	0.683718028696195
8	0.737735849056604	0.0	0.262264150943396	0.0
9	0.0389221556886228	0.0	0.00958083832335329	0.951497005988024
10	0.0368451352907311	0.00863557858376511	0.0397236614853195	0.914795624640184
11	0.107744107744108	0.0	0.297418630751964	0.594837261503928
12	0.684078036500944	0.0402769037130271	0.141598489616111	0.134046570169918
13	0.0193401592718999	0.511376564277588	0.0762229806598407	0.393060295790671
14	0.317610062893082	0.179874213836478	0.150314465408805	0.352201257861635
