Pos	A	C	G	T
1	0.00115163147792706	0.0130518234165067	0.981957773512476	0.00383877159309021
2	0.0	0.99897575964493	0.000682826903379993	0.000341413451689997
3	0.000842105263157895	0.0	0.999157894736842	0.0
4	0.0	0.0	0.998346424142208	0.00165357585779248
5	0.990074441687345	0.00744416873449132	0.00248138957816377	0.0
6	0.0	1.0	0.0	0.0
7	0.0	0.195883866225652	0.801911062109519	0.00220507166482911
8	0.0151403249630724	0.343796159527326	0.102289512555391	0.53877400295421
9	0.085981308411215	0.173457943925234	0.186168224299065	0.554392523364486
10	0.0307343901649951	0.465221611129084	0.494338401811711	0.00970559689420899
11	0.583620689655172	0.23448275862069	0.144540229885057	0.0373563218390805
12	0.547309284447073	0.198107628622117	0.224127735068007	0.0304553518628031
13	0.000907441016333938	0.716575922565033	0.282516636418633	0.0
14	0.000758150113722517	0.000758150113722517	0.998483699772555	0.0
15	0.0	0.0	0.00547945205479452	0.994520547945206
16	0.00601464435146444	0.989278242677824	0.00444560669456067	0.000261506276150628
17	0.0	1.0	0.0	0.0
18	0.00107604017216643	0.0	0.996771879483501	0.00215208034433285
19	0.0	0.946233097231165	0.0109465550547328	0.0428203477141017
