Pos	A	C	G	T
1	0.286386526871956	0.164203748039297	0.187154297036242	0.362255428052506
2	0.277986073915372	0.0657280587650164	0.637692248833116	0.0185936184864948
3	0.182786638579597	0.114956364730665	0.0398435148961781	0.66241348179356
4	0.426843014954535	0.381603667242805	0.0185616592770722	0.172991658525588
5	0.935182299781864	0.0204632803573283	0.0167237976524359	0.0276306222083723
6	0.886293913904008	0.0229589312221672	0.0232558139534884	0.0674913409203365
7	0.0	0.184905192712852	0.00452348494237204	0.810571322344776
8	0.834852701276269	0.00431820362729105	0.158813933403704	0.00201516169273582
9	0.0793497193729437	0.0134184891297336	0.0307722082446294	0.876459583252693
10	0.0420486249501794	0.0189318453567158	0.023183207121031	0.915836322572074
11	0.0819874164882922	0.0156969579036129	0.49659466822339	0.405720957384705
12	0.686249088404505	0.0420549388218135	0.0947249007373795	0.176971072036302
13	0.0221229957377715	0.649888370204993	0.056626750558149	0.271361883499087
14	0.415015641293014	0.147810218978102	0.166492874522072	0.270681265206813
