Pos	A	C	G	T
1	0.372905696505505	0.121828626136908	0.249401627573001	0.255864049784586
2	0.085836038961039	0.0217126623376623	0.0273944805194805	0.865056818181818
3	0.00843809195798175	0.0156707422076804	0.973652488376098	0.00223867745824005
4	0.111403929084811	0.863200766650695	0.00407283181600383	0.0213224724484907
5	0.125319257619615	0.082070492082411	0.0355865826664396	0.757023667631534
6	0.09433158119051	0.0650660605199602	0.702514561727518	0.138087796562012
7	0.875839703497799	0.0484132499420894	0.0141301829974519	0.0616168635626593
8	0.129518740297183	0.302949656243069	0.384120647593701	0.183410955866046
9	0.0593888141456852	0.0115318085719777	0.0972515856236787	0.831827791658658
10	0.176821983273596	0.726204699322979	0.0376344086021505	0.0593389088012744
11	0.746951828902658	0.0293823705776534	0.0945432740355786	0.12912252648411
12	0.0292084341513999	0.00120981679917041	0.842723816107847	0.126857932941583
13	0.00262216924910608	0.932777115613826	0.0390941597139452	0.0255065554231228
14	0.454502481682817	0.0193807610493973	0.458284093594895	0.0678326636728906
15	0.31982296762171	0.176566503610529	0.205217796412765	0.298392732354997
