Pos	A	C	G	T
1	0.0214370782056372	0.976181024215959	0.000793965859468043	0.00158793171893609
2	0.884532374100719	0.00431654676258993	0.0665467625899281	0.0446043165467626
3	0.0014336917562724	0.881362007168459	0.00860215053763441	0.108602150537634
4	0.0423300970873786	0.00194174757281553	0.95495145631068	0.000776699029126214
5	0.0117508813160987	0.0231100665883275	0.00195848021934978	0.963180571876224
6	0.000804181745074387	0.00160836349014877	0.988741455568959	0.00884599919581825
7	0.132574217161448	0.219194794631964	0.326148840992273	0.322082147214315
8	0.160634404229362	0.218381455876373	0.216754778365189	0.404229361529077
9	0.175824175824176	0.151811151811152	0.31013431013431	0.362230362230362
10	0.334554334554335	0.124949124949125	0.317053317053317	0.223443223443223
11	0.186737184703011	0.292921074043938	0.385679414157852	0.134662327095199
12	0.0119952019192323	0.983206717313075	0.00199920031987205	0.00279888044782087
13	0.933561123766135	0.000379650721336371	0.0508731966590737	0.0151860288534548
14	0.000374531835205993	0.920973782771536	0.00449438202247191	0.0741573033707865
15	0.0542398777692895	0.00458365164247517	0.939266615737204	0.00190985485103132
16	0.0125146656237779	0.0215095815408682	0.00430191630817364	0.96167383652718
17	0.000798084596967279	0.000399042298483639	0.981245011971269	0.0175578611332801
