Pos	A	C	G	T
1	0.0835164835164835	0.0798534798534798	0.0813186813186813	0.755311355311355
2	0.0231111111111111	0.0151111111111111	0.0453333333333333	0.916444444444444
3	0.00769971126082772	0.0	0.0	0.992300288739172
4	0.145320197044335	0.00246305418719212	0.00574712643678161	0.846469622331691
5	0.878942881500426	0.0	0.00767263427109974	0.113384484228474
6	0.00450856627592426	0.0162308385933273	0.0495942290351668	0.929666366095582
7	0.00982318271119843	0.1683038637852	0.146692861820563	0.675180091683039
8	0.718466898954704	0.000696864111498258	0.274564459930314	0.00627177700348432
9	0.0724458204334365	0.638390092879257	0.192569659442724	0.096594427244582
