Pos	A	C	G	T
1	0.301219512195122	0.15609756097561	0.255284552845528	0.28739837398374
2	0.196654840344653	0.070704510897111	0.109224531170806	0.62341611758743
3	0.00865460267505901	0.00668764752163651	0.0169158143194335	0.967741935483871
4	0.0167865707434053	0.0	0.0	0.983213429256595
5	0.271376957045363	0.0100361300682457	0.00240867121637896	0.716178241670012
6	0.995145631067961	0.0	0.0	0.00485436893203883
7	0.0	0.812149224166392	0.0	0.187850775833608
8	0.0373049105443472	0.00456794822992006	0.936429387133612	0.0216977540921203
9	0.960562280359235	0.00859039437719641	0.0160093713393206	0.0148379539242483
10	0.0	0.618245790399598	0.120382005529027	0.261372204071375
11	0.165107767385116	0.451403009353396	0.105734038226922	0.277755185034567
