Pos	A	C	G	T
1	0.174575854438161	0.224694697155971	0.45225801163839	0.148471436767478
2	0.899086286935377	0.048596271461204	0.0516911060349274	0.000626335568491637
3	0.000122860185109346	0.000368580555328037	0.000122860185109346	0.999385699074453
4	0.00041740978256745	0.0	0.926004629453952	0.0735779607634804
5	0.999222012939153	0.000286626811890918	0.00024568012447793	0.00024568012447793
6	0.000202003878474467	0.985900129282482	0.00024240465416936	0.0136554621848739
7	0.0234828179381526	0.000200024002880346	0.976237148457815	8.00096011521383e-05
8	0.000613522025440713	0.000981635240705141	0.000286310278539	0.998118532455315
9	0.0678632805041054	0.931945770479282	0.000152759213290052	3.81898033225129e-05
10	0.999222012939153	0.000409466874129883	0.000368520186716895	0.0
11	0.00185888308811897	0.479314981806676	0.0330248378421136	0.485801297263091
12	0.179616424883206	0.496557659208262	0.169002540775346	0.154823375133186
