Pos	A	C	G	T
1	0.401606425702811	0.157850449416714	0.207343660355709	0.233199464524766
2	0.463550829954869	0.0745047043524822	0.156849996175323	0.305094469517326
3	0.470606234461656	0.051788104800153	0.0824631860776439	0.395142474660547
4	0.411971696309046	0.0747752916427615	0.0736278447121821	0.439625167336011
5	0.290686555746797	0.161981258366801	0.217555938037866	0.329776247848537
6	0.0402402770541543	0.158448006374697	3.06475834380459e-05	0.80128106898771
7	0.0	0.0	1.0	0.0
8	0.0575604150956946	0.938812883766024	0.00362670113828145	0.0
9	0.00741385179861558	0.00363127435034232	0.0	0.988954873851042
10	0.00337372624621316	0.0	0.900061966400441	0.0965643073533462
11	0.974650512581547	0.0121528424976701	0.0	0.0131966449207829
12	0.05530694205393	0.476037483266399	0.291834002677376	0.176821572002295
