Pos	A	C	G	T
1	0.483746283448959	0.15589692765114	0.177304261645193	0.183052527254708
2	0.517542120911794	0.0582755203171457	0.183349851337958	0.240832507433102
3	0.51585728444004	0.0325074331020813	0.0726461843409316	0.378989098116947
4	0.443310208126858	0.0777006937561942	0.0724479682854311	0.406541129831516
5	0.345094152626363	0.0943508424182359	0.188899900891972	0.371655104063429
6	0.0450492004920049	0.172278597785978	0.00699569495694957	0.775676506765068
7	0.0	0.0014825064241945	0.997232654674837	0.00128483890096857
8	0.0693694518166011	0.923400750434703	0.0	0.00722979774869589
9	0.0178656730677367	0.0181522881436897	0.0	0.963982038788574
10	0.0215423302598491	0.00184409052808047	0.845766974015088	0.130846605196982
11	0.947951897782788	0.0276211950394589	0.0	0.0244269071777527
12	0.0282457879088206	0.503567888999009	0.322893954410307	0.145292368681863
