Pos	A	C	G	T
1	0.210023866348449	0.0692124105011933	0.0859188544152745	0.634844868735084
2	0.056782334384858	0.0252365930599369	0.0788643533123028	0.839116719242902
3	0.154450261780105	0.696335078534031	0.149214659685864	0.0
4	0.00308641975308642	0.0432098765432099	0.820987654320988	0.132716049382716
5	0.877887788778878	0.0165016501650165	0.0462046204620462	0.0594059405940594
6	0.59375	0.0580357142857143	0.0714285714285714	0.276785714285714
7	0.0566037735849057	0.422641509433962	0.120754716981132	0.4
8	0.10188679245283	0.233962264150943	0.4	0.264150943396226
9	0.221804511278195	0.131578947368421	0.300751879699248	0.345864661654135
10	0.220159151193634	0.0291777188328912	0.0450928381962865	0.705570291777188
11	0.0305084745762712	0.00677966101694915	0.0610169491525424	0.901694915254237
12	0.146198830409357	0.777777777777778	0.0730994152046784	0.00292397660818713
13	0.00595238095238095	0.0773809523809524	0.791666666666667	0.125
14	0.76878612716763	0.0433526011560694	0.0202312138728324	0.167630057803468
15	0.604545454545454	0.0727272727272727	0.0909090909090909	0.231818181818182
