Pos	A	C	G	T
1	0.0	0.0988372093023256	0.0	0.901162790697674
2	0.150259067357513	0.0466321243523316	0.803108808290155	0.0
3	0.790816326530612	0.0	0.183673469387755	0.0255102040816327
4	0.0	0.851648351648352	0.021978021978022	0.126373626373626
5	0.0264550264550265	0.111111111111111	0.0423280423280423	0.82010582010582
6	0.13903743315508	0.0320855614973262	0.0	0.828877005347594
7	0.403846153846154	0.198717948717949	0.0576923076923077	0.33974358974359
8	0.156378600823045	0.102880658436214	0.102880658436214	0.637860082304527
9	0.0	0.0548780487804878	0.0	0.945121951219512
10	0.0913978494623656	0.0537634408602151	0.833333333333333	0.021505376344086
11	0.775	0.075	0.15	0.0
12	0.0352422907488987	0.682819383259912	0.039647577092511	0.242290748898678
13	0.0897435897435897	0.162393162393162	0.0854700854700855	0.662393162393162
14	0.0680628272251309	0.162303664921466	0.115183246073298	0.654450261780105
