Pos	A	C	G	T
1	0.105388864009554	0.267502612330199	0.335423197492163	0.291685326168085
2	0.0284552845528455	0.114837398373984	0.00571646341463415	0.850990853658537
3	0.746573052490806	0.119135183327761	0.116794828931238	0.017496935250195
4	0.970307068366165	0.0153534183082271	0.0070973348783314	0.00724217844727694
5	0.0102298206278027	0.0204596412556054	0.0305493273542601	0.938761210762332
6	0.0125373821025995	0.06130664826317	0.155624568668047	0.770531400966184
7	0.856649616368286	0.0108695652173913	0.104859335038363	0.0276214833759591
8	0.157486191968951	0.407075682937752	0.286311389759666	0.149126735333632
9	0.118542848611526	0.428635413556285	0.277694834278889	0.175126903553299
10	0.146760226933413	0.21737832188713	0.464019110182144	0.171842340997313
11	0.0215643741227511	0.119816256220493	0.00382799540640551	0.854791374250351
12	0.724764686790003	0.218327382884345	0.0398139132316348	0.0170940170940171
13	0.966387766878246	0.0212060011540681	0.00605885747259088	0.00634737449509521
14	0.010058916510993	0.017100158068688	0.0102026153182929	0.962638310102026
15	0.0158227848101266	0.145452414439756	0.0535630567276137	0.785161744022503
16	0.861940298507463	0.0122233659289758	0.102547606793618	0.0232887287699434
17	0.398029262466408	0.257838160644969	0.177217079725291	0.166915497163332
