Pos	A	C	G	T
1	0.533132530120482	0.0120481927710843	0.331325301204819	0.123493975903614
2	0.0	0.0425	0.1525	0.805
3	0.0114942528735632	0.961685823754789	0.0114942528735632	0.0153256704980843
4	0.975	0.0	0.025	0.0
5	0.0	1.0	0.0	0.0
6	0.00178571428571429	0.0	0.996428571428571	0.00178571428571429
7	0.00626959247648903	0.00313479623824451	0.00313479623824451	0.987460815047022
8	0.00355871886120996	0.0	0.987544483985765	0.00889679715302491
9	0.8	0.03	0.116666666666667	0.0533333333333333
10	0.0660919540229885	0.241379310344828	0.0172413793103448	0.675287356321839
