Pos	A	C	G	T
1	0.174254509755798	0.353908455025156	0.326297705239907	0.145539329979139
2	0.0456081081081081	0.133048489666137	0.0115262321144674	0.809817170111288
3	0.539221382916909	0.407902382335851	0.0149912841371296	0.0378849506101104
4	0.982875060299083	0.00397973950795948	0.00916546068499759	0.00397973950795948
5	0.00507001448575567	0.00325929502655722	0.00784645098985997	0.983824239497827
6	0.0292908014846023	0.817534356505166	0.01103420603872	0.142140635971512
7	0.987878787878788	0.00496969696969697	0.0063030303030303	0.000848484848484849
8	0.00156966916203816	0.0120743781695243	0.00229413185220961	0.984061820816228
9	0.198529411764706	0.788506191950464	0.00145123839009288	0.0115131578947368
10	0.973366774155022	0.00143317807237549	0.0191090409650066	0.00609100680759584
11	0.00988547317661242	0.00373719107896323	0.00385774562989753	0.982519590114527
12	0.0306243805748266	0.158275520317146	0.00336967294350842	0.807730426164519
13	0.915216170690623	0.0141493542953397	0.0272880404267266	0.0433464345873105
14	0.442453987730061	0.112638036809816	0.205766871165644	0.239141104294479
