Pos	A	C	G	T
1	0.242760320394331	0.66728280961183	0.0557609365372767	0.0341959334565619
2	0.156377204884668	0.060719131614654	0.734735413839891	0.048168249660787
3	0.00138312586445367	0.998616874135546	0.0	0.0
4	0.99815668202765	0.00138248847926267	0.000460829493087558	0.0
5	0.0	0.116621464548625	0.839209608678807	0.0441689267725688
6	0.0402347024308466	0.907795473595977	0.0519698239731769	0.0
7	0.0	0.00183992640294388	0.00183992640294388	0.996320147194112
8	0.00092038656235619	0.00184077312471238	0.996778647031753	0.000460193281178095
9	0.101578586135896	0.743308167467399	0.0350034317089911	0.120109814687714
10	0.0655458608214514	0.156629070014897	0.460949138114492	0.316875931049159
