Pos	A	C	G	T
1	0.269207772795217	0.420478325859492	0.175784753363229	0.134529147982063
2	0.538037719855902	0.150031786395423	0.182877728332274	0.129052765416402
3	0.10618405235742	0.118204888473354	0.0838787231200748	0.691732336049152
4	0.150801659378854	0.123556452517098	0.174571140262361	0.551070747841686
5	0.616541353383459	0.118022328548644	0.16017316017316	0.105263157894737
6	0.633034026465028	0.125	0.100307183364839	0.141658790170132
7	0.275460265672337	0.0757399207643906	0.111279422046143	0.537520391517129
8	0.125379609544469	0.0804049168474331	0.0509038322487346	0.743311641359364
9	0.967277486910995	0.0106348167539267	0.012761780104712	0.00932591623036649
10	0.0396786358419413	0.0304968027545499	0.0639449090014756	0.865879652402033
11	0.0326698070202097	0.0221850782555843	0.493086157118979	0.452058957605227
12	0.0439973468936547	0.858169356621711	0.0304001768737564	0.0674331196108777
13	0.890936555891239	0.0244712990936556	0.0614803625377644	0.0231117824773414
14	0.16579053780833	0.104326728669632	0.0704946758323224	0.659388057689716
15	0.274868229225076	0.148929011999551	0.417180666143322	0.159022092632051
16	0.422115384615385	0.200160256410256	0.179326923076923	0.198397435897436
17	0.213806766229808	0.233617799451387	0.348674184699787	0.203901249619019
