Pos	A	C	G	T
1	0.948669201520912	0.0	0.0	0.0513307984790875
2	0.0	0.0157790927021696	0.0	0.98422090729783
3	0.0	0.0	1.0	0.0
4	1.0	0.0	0.0	0.0
5	0.913919413919414	0.0860805860805861	0.0	0.0
6	0.0	0.0	0.0	1.0
7	0.0234833659491194	0.0	0.976516634050881	0.0
8	0.344316309719934	0.108731466227348	0.477759472817133	0.0691927512355848
9	0.641952983725136	0.0976491862567812	0.0	0.260397830018083
10	1.0	0.0	0.0	0.0
11	0.0	0.0155339805825243	0.0155339805825243	0.968932038834951
12	0.0	0.0	0.0	1.0
13	0.0	0.968932038834951	0.0	0.0310679611650485
14	0.98422090729783	0.0	0.0	0.0157790927021696
15	0.0234833659491194	0.0	0.0	0.976516634050881
