Pos	A	C	G	T
1	0.967889908256881	0.0122324159021407	0.0122324159021407	0.00764525993883792
2	0.994501178318932	0.002356637863315	0.0	0.00314218381775334
3	0.0	1.0	0.0	0.0
4	0.993720565149137	0.00313971742543171	0.0	0.00313971742543171
5	0.896600566572238	0.10056657223796	0.0	0.0028328611898017
6	0.0031496062992126	0.0	0.0	0.996850393700787
7	0.0248148148148148	0.00592592592592593	0.937777777777778	0.0314814814814815
8	0.349921011058452	0.340047393364929	0.144944707740916	0.165086887835703
9	0.533965244865719	0.207345971563981	0.0233017377567141	0.235387045813586
10	1.0	0.0	0.0	0.0
11	0.0	0.00800304878048781	0.0270579268292683	0.964939024390244
12	0.0	0.0	0.00275699094131548	0.997243009058685
13	0.0	0.0	1.0	0.0
14	0.00195236235845373	0.0093713393205779	0.0	0.988676298320968
15	0.0	0.0177537630258587	0.00501736781165573	0.977228869162486
