Pos	A	C	G	T
1	0.0954545454545455	0.0181818181818182	0.0151515151515152	0.871212121212121
2	0.98122866894198	0.0	0.0	0.0187713310580205
3	0.996533795493934	0.0	0.00346620450606586	0.0
4	0.0609212481426449	0.0579494799405646	0.0267459138187221	0.854383358098068
5	0.0448717948717949	0.334935897435897	0.032051282051282	0.588141025641026
6	0.317708333333333	0.0989583333333333	0.135416666666667	0.447916666666667
7	0.890092879256966	0.0588235294117647	0.0	0.0510835913312693
8	0.912698412698413	0.00476190476190476	0.073015873015873	0.00952380952380952
9	0.00346620450606586	0.0	0.0	0.996533795493934
10	0.0212418300653595	0.0294117647058824	0.00980392156862745	0.939542483660131
11	0.902668759811617	0.0	0.0235478806907378	0.0737833594976452
