Pos	A	C	G	T
1	0.151219512195122	0.11219512195122	0.0850948509485095	0.651490514905149
2	0.535773710482529	0.0682196339434276	0.133943427620632	0.262063227953411
3	0.683342808413872	0.139283683911313	0.0807276861853326	0.0966458214894827
4	0.438473520249221	0.0241433021806854	0.0397196261682243	0.497663551401869
5	0.192241871078152	0.0319452367370223	0.0901312036508842	0.685681688533942
6	0.165042235217674	0.0350877192982456	0.0188434048083171	0.781026640675763
7	0.986863711001642	0.0	0.00574712643678161	0.00738916256157635
8	0.0454545454545455	0.0265151515151515	0.0174242424242424	0.910606060606061
9	0.05723124516628	0.0131477184841454	0.631090487238979	0.298530549110596
10	0.0448369565217391	0.816576086956522	0.0251358695652174	0.113451086956522
11	0.69120184013801	0.0488786658999425	0.11213341000575	0.147786083956297
12	0.304347826086957	0.0914990266060999	0.128487994808566	0.475665152498378
13	0.462562396006656	0.0923460898502496	0.279534109816972	0.165557404326123
