Pos	A	C	G	T
1	0.147588424437299	0.0864951768488746	0.0768488745980707	0.689067524115756
2	0.438170788614092	0.0690620625291647	0.22025198320112	0.272515165655623
3	0.612810980840721	0.167858164140692	0.0720617672290535	0.147269087789534
4	0.556410256410256	0.0346153846153846	0.0495726495726496	0.359401709401709
5	0.2015681149951	0.0254818686703692	0.0728520091473375	0.700098007187194
6	0.210724043715847	0.0341530054644809	0.023224043715847	0.731898907103825
7	0.980778032036613	0.00183066361556064	0.00549199084668192	0.0118993135011442
8	0.041382252559727	0.0170648464163823	0.0273037542662116	0.914249146757679
9	0.0675032453483341	0.00519255733448724	0.509303331890956	0.418000865426222
10	0.0666666666666667	0.693527508090615	0.0478964401294498	0.191909385113269
11	0.745132127955494	0.0424200278164117	0.0737134909596662	0.138734353268428
12	0.270941438102298	0.0882134914751668	0.117123795404003	0.523721275018532
