Pos	A	C	G	T
1	0.991055456171735	0.0	0.0	0.00894454382826476
2	0.0	0.0	0.0	1.0
3	0.0	0.0	1.0	0.0
4	1.0	0.0	0.0	0.0
5	0.00359712230215827	0.996402877697842	0.0	0.0
6	0.003584229390681	0.003584229390681	0.0	0.992831541218638
7	0.0	0.0	0.996402877697842	0.00359712230215827
8	0.352664576802508	0.515673981191223	0.04858934169279	0.0830721003134796
9	0.992831541218638	0.0	0.0	0.00716845878136201
10	0.0344234079173838	0.667814113597246	0.0120481927710843	0.285714285714286
11	1.0	0.0	0.0	0.0
12	0.0	0.0	0.0	1.0
13	0.0	0.0	0.0	1.0
14	0.0	0.992831541218638	0.00716845878136201	0.0
15	1.0	0.0	0.0	0.0
16	0.0	0.00359712230215827	0.0	0.996402877697842
