Pos	A	C	G	T
1	0.00199534419687396	0.0207848353841038	0.00631858995676754	0.970901230462255
2	0.0	0.00390757730207271	0.992014950730547	0.00407747196738022
3	0.999144421629021	0.0	0.000684462696783025	0.000171115674195756
4	0.692360397396369	0.307639602603631	0.0	0.0
5	0.00102006120367222	0.00442026521591295	0.0018701122067324	0.992689561373682
6	0.652166466860764	0.00719301250214078	0.328823428669293	0.0118170919678027
7	0.404350059941771	0.377119369755095	0.0909402294913513	0.127590340811783
8	0.196609008391848	0.763829422846378	0.00154135982188731	0.038020208939887
9	0.996076424428523	0.00204708290685773	0.000511770726714432	0.00136472193790515
10	0.0	0.00188034188034188	0.0	0.998119658119658
11	0.0	0.00290151903055129	0.000512032770097286	0.996586448199351
12	0.0	0.989996609020007	0.0	0.0100033909799932
13	0.959257433875472	0.0139641859701002	0.00361425989814358	0.0231641202562839
