Pos	A	C	G	T
1	0.206240858117991	0.210141394441736	0.0497318381277426	0.53388590931253
2	0.0940680940680941	0.176202176202176	0.71990171990172	0.00982800982800983
3	0.00044762757385855	0.918084153983885	0.0769919427036705	0.0044762757385855
4	0.00667620410109681	0.978063900810682	0.00619933237958989	0.00906056270863138
5	0.00438810336421258	0.643100926377377	0.068259385665529	0.284251584592882
6	0.0628961482203803	0.35007313505607	0.236470014627011	0.350560702096538
7	0.37542662116041	0.27206240858118	0.305216967333008	0.0472940029254022
8	0.380789858605558	0.0784982935153584	0.538761579717211	0.00195026816187226
9	0.01772030651341	0.0	0.98227969348659	0.0
10	0.00575985821887461	0.0850686752326097	0.908728400531679	0.000443066016836509
11	0.0143801010493587	0.797123979790128	0.117761368052857	0.0707345511076564
12	0.56167723061921	0.0575329107752316	0.204778156996587	0.176011701608971
