Pos	A	C	G	T
1	0.001	0.001	0.0	0.998
2	0.0049800796812749	0.00099601593625498	0.99402390438247	0.0
3	0.99500998003992	0.00199600798403194	0.00199600798403194	0.000998003992015968
4	0.00795228628230616	0.992047713717694	0.0	0.0
5	0.0	0.001	0.001	0.998
6	0.0	0.00199600798403194	0.996007984031936	0.00199600798403194
7	0.31433506044905	0.548359240069085	0.0656303972366149	0.0716753022452504
8	0.988118811881188	0.0118811881188119	0.0	0.0
9	0.00496524329692155	0.674280039721946	0.00397219463753724	0.316782522343595
10	0.998998998998999	0.0	0.0	0.001001001001001
11	0.0	0.002	0.0	0.998
12	0.000999000999000999	0.000999000999000999	0.000999000999000999	0.997002997002997
13	0.000997008973080758	0.995014955134596	0.0	0.00398803589232303
14	0.996007984031936	0.00399201596806387	0.0	0.0
