Pos	A	C	G	T
1	0.95959595959596	0.00606060606060606	0.0181818181818182	0.0161616161616162
2	1.0	0.0	0.0	0.0
3	0.00416666666666667	0.989583333333333	0.00625	0.0
4	0.9958071278826	0.0	0.00209643605870021	0.00209643605870021
5	0.991649269311065	0.00417536534446764	0.0	0.00417536534446764
6	0.0	0.00209643605870021	0.00209643605870021	0.9958071278826
7	0.157971014492754	0.0376811594202899	0.688405797101449	0.115942028985507
8	0.349473684210526	0.132631578947368	0.338947368421053	0.178947368421053
9	0.368421052631579	0.0968421052631579	0.195789473684211	0.338947368421053
10	0.254736842105263	0.0736842105263158	0.221052631578947	0.450526315789474
11	0.991649269311065	0.0	0.00835073068893528	0.0
12	0.0	0.0	0.0124740124740125	0.987525987525988
13	0.00625	0.00416666666666667	0.0	0.989583333333333
14	0.0	0.0	0.9958071278826	0.00419287211740042
15	0.00418410041841004	0.00209205020920502	0.0	0.993723849372385
16	0.0252427184466019	0.029126213592233	0.0233009708737864	0.922330097087379
