Pos	A	C	G	T
1	0.0553197938769324	0.0357684146711125	0.0581236738405577	0.850788117611397
2	0.000736919675755343	0.000573159747809711	0.00458527798247769	0.994104642593957
3	0.0370203668279509	0.898053336333971	0.0644762011927535	0.000450095645324631
4	0.956087824351297	0.000221778664892437	0.0197383011754269	0.0239520958083832
5	0.000244528670986673	0.996943391612667	0.00244528670986673	0.00036679300648001
6	0.957186200696707	0.00112372176649062	0.0392178896505225	0.00247218788627936
7	0.000960038401536061	0.99579983199328	0.00264010560422417	0.000600024000960038
8	0.168116508650181	0.759163327142997	0.0105561528687323	0.0621640113380901
9	0.0145019920318725	0.0385657370517928	0.0235856573705179	0.923346613545817
10	0.369949494949495	0.495408631772268	0.120179063360882	0.0144628099173554
11	0.2692	0.2274	0.0257	0.4777
12	0.723696437790397	0.185751161590088	0.0819824470831182	0.00856995353639649
13	0.0411885401626263	0.191883881753933	0.750968918610837	0.0159586594726043
14	0.000437031102046762	0.00597275839463909	0.993517371986306	7.28385170077937e-05
15	0.00132758048456688	0.0112844341188185	0.0124460670428145	0.9749419183538
16	0.0	0.0	0.999928335961015	7.16640389852372e-05
17	0.0201042442293373	0.0105898899644246	0.00769421692727724	0.961611648878961
18	0.000422237860661506	0.00950035186488388	0.941660802251935	0.0484166080225194
19	0.990919409761635	0.00476730987514188	0.00272417707150965	0.00158910329171396
20	0.462824157835789	0.00835702593262686	0.403463427242181	0.125355388989403
