Pos	A	C	G	T
1	0.194659776055125	0.154177433247201	0.0913006029285099	0.559862187769165
2	0.0	0.15377358490566	0.84622641509434	0.0
3	0.0	1.0	0.0	0.0
4	0.0	1.0	0.0	0.0
5	0.00922045264040235	0.701592623637888	0.0444258172673931	0.244761106454317
6	0.0344248530646516	0.308144416456759	0.167926112510495	0.489504617968094
7	0.302839116719243	0.309148264984227	0.272082018927445	0.115930599369085
8	0.474252491694352	0.109634551495017	0.38953488372093	0.026578073089701
9	0.145144076840982	0.0234791889007471	0.826040554962647	0.00533617929562433
10	0.0	0.0	1.0	0.0
11	0.0	0.0	1.0	0.0
12	0.0	0.763649425287356	0.236350574712644	0.0
13	0.575478927203065	0.0727969348659004	0.117241379310345	0.23448275862069
