Pos	A	C	G	T
1	0.000917431192660551	0.00419397116644823	0.00340760157273919	0.991480996068152
2	0.172663402171599	0.803172237598467	0.0184160102192889	0.00574835001064509
3	0.918689320388349	0.00218446601941748	0.0362864077669903	0.0428398058252427
4	0.0	0.999340891115212	0.0	0.000659108884787767
5	0.896496422403158	0.00382432765852455	0.0513200098692327	0.0483592400690846
6	0.00645161290322581	0.990915075707702	0.00157998683344305	0.0010533245556287
7	0.123114862942237	0.602579910841317	0.0866925922412976	0.187612633975149
8	0.0301653414110817	0.0381168749211157	0.000378644452858766	0.931339139214944
9	0.155133627283362	0.093224151894178	0.140916044272474	0.610726176549987
10	0.245160035022862	0.0807471543924506	0.0652787236112462	0.608814086973441
11	0.11673640167364	0.0980125523012552	0.0365062761506276	0.748744769874477
12	0.0497472426470588	0.107192095588235	0.00344669117647059	0.839613970588235
13	0.0	0.000658241179568194	0.000921537651395471	0.998420221169036
14	0.247578311737325	0.717448735690024	0.0317021008931941	0.00327085167945654
15	0.936015084852294	0.00465116279069767	0.0520427404148334	0.00729101194217473
16	0.00197628458498024	0.995652173913044	0.00144927536231884	0.000922266139657444
17	0.975771785853849	0.00833658981372932	0.0147192913898658	0.00117233294255569
18	0.0034197027489149	0.994870445876628	0.000526108115217677	0.00118374325923977
19	0.0956665632433551	0.63760471610301	0.103733581549281	0.162995139104354
20	0.192307692307692	0.101389176860875	0.0023844080447854	0.703918722786647
