Pos	A	C	G	T
1	0.15062893081761	0.210691823899371	0.0594339622641509	0.579245283018868
2	0.0598397596394592	0.121181772658988	0.795943915873811	0.0230345518277416
3	0.00329218106995885	0.872153635116598	0.11440329218107	0.0101508916323731
4	0.0	0.969502897224764	0.00518450747179018	0.0253125953034462
5	0.0	0.532389937106918	0.0669811320754717	0.40062893081761
6	0.0563070147845234	0.279333123623781	0.256369927650204	0.407989933941491
7	0.343504246618433	0.213589178987103	0.377162629757785	0.0657439446366782
8	0.302830188679245	0.0477987421383648	0.645911949685535	0.00345911949685535
9	0.0105787181082763	0.0	0.989110143123833	0.000311138767890479
10	0.0065978198508319	0.0748709122203098	0.911933448078026	0.0065978198508319
11	0.0205686630369026	0.641056664650131	0.202863480540432	0.135511191772535
12	0.478137779175841	0.0566215791129286	0.240012582573136	0.225228059138094
