Pos	A	C	G	T
1	0.199844720496894	0.0492236024844721	0.0684782608695652	0.682453416149068
2	0.0	0.00857207308820212	0.0	0.991427926911798
3	0.073313192346425	0.885196374622356	0.0253776435045317	0.0161127895266868
4	0.888776541961577	0.00687563195146613	0.0669362992922144	0.0374115267947422
5	0.00045475216007276	0.999317871759891	0.0	0.00022737608003638
6	0.956058298890581	0.00348053078094409	0.0391559712856211	0.00130519904285404
7	0.00742073307847987	0.98830672363391	0.00382280188891387	0.00044974139869575
8	0.0705173635719348	0.778703047484054	0.0423458540042523	0.108433734939759
9	0.0296146044624746	0.0728194726166329	0.00608519269776876	0.891480730223124
10	0.198452435138826	0.21324533454711	0.0598543468365954	0.528447883477469
