Pos	A	C	G	T
1	0.544262295081967	0.0163934426229508	0.39344262295082	0.0459016393442623
2	0.22976501305483	0.74934725848564	0.0156657963446475	0.00522193211488251
3	1.0	0.0	0.0	0.0
4	0.0	0.0	0.0	1.0
5	0.169753086419753	0.0216049382716049	0.0	0.808641975308642
6	0.0162162162162162	0.875675675675676	0.0567567567567568	0.0513513513513514
7	0.0286458333333333	0.744791666666667	0.015625	0.2109375
8	0.366666666666667	0.0444444444444444	0.196296296296296	0.392592592592593
9	0.185810810810811	0.263513513513513	0.287162162162162	0.263513513513513
10	0.498402555910543	0.0543130990415335	0.431309904153355	0.0159744408945687
11	0.250620347394541	0.694789081885856	0.0446650124069479	0.00992555831265509
12	0.98828125	0.0	0.0078125	0.00390625
13	0.0	0.0	0.0280701754385965	0.971929824561404
14	0.263513513513513	0.0202702702702703	0.0844594594594595	0.631756756756757
15	0.0295698924731183	0.825268817204301	0.0833333333333333	0.0618279569892473
16	0.0606860158311346	0.746701846965699	0.00527704485488127	0.187335092348285
17	0.414285714285714	0.0892857142857143	0.167857142857143	0.328571428571429
