Pos	A	C	G	T
1	0.194717994628469	0.153536257833483	0.0778871978513876	0.573858549686661
2	0.0	0.196071023800529	0.803928976199471	0.0
3	0.0	1.0	0.0	0.0
4	0.0	1.0	0.0	0.0
5	0.0069710700592541	0.822237713489021	0.0383408853258975	0.132450331125828
6	0.0300164473684211	0.404605263157895	0.148848684210526	0.416529605263158
7	0.161781499809669	0.351732013703845	0.347544727826418	0.138941758660069
8	0.448911840649207	0.149022500922169	0.369236444116562	0.032829214312062
9	0.131212723658052	0.0377733598409543	0.824254473161034	0.00675944333996024
10	0.0	0.0	1.0	0.0
11	0.0	0.0	1.0	0.0
12	0.0	0.783080974325214	0.216919025674786	0.0
13	0.571985953960203	0.0838860710105345	0.136558720249707	0.207569254779555
