Pos	A	C	G	T
1	0.114317425083241	0.144284128745838	0.497225305216426	0.244173140954495
2	0.210441334768568	0.139397201291712	0.390204520990312	0.259956942949408
3	0.0921805467260013	0.568976478067387	0.0921805467260013	0.24666242848061
4	0.506228765571914	0.186862967157418	0.152321630804077	0.154586636466591
5	0.418670438472419	0.446016030174446	0.0655351249410655	0.0697784064120698
6	0.00576036866359447	0.0	0.994239631336406	0.0
7	0.0	0.0	0.998846597462514	0.00115340253748558
8	0.0	0.0	1.0	0.0
9	0.00819672131147541	0.00204918032786885	0.00307377049180328	0.986680327868853
10	0.0986899563318777	0.262008733624454	0.0812227074235808	0.558078602620087
11	0.00275229357798165	0.957798165137615	0.00458715596330275	0.0348623853211009
12	0.134146341463415	0.016260162601626	0.836382113821138	0.0132113821138211
13	0.969529085872576	0.00369344413665743	0.0175438596491228	0.00923361034164358
14	0.105711849957374	0.148337595907928	0.659846547314578	0.0861040068201194
