Pos	A	C	G	T
1	0.588541666666667	0.105902777777778	0.223958333333333	0.0815972222222222
2	0.902668759811617	0.00941915227629513	0.0376766091051805	0.0502354788069074
3	0.836972343522562	0.00291120815138282	0.0116448326055313	0.148471615720524
4	0.00173010380622837	0.994809688581315	0.00346020761245675	0.0
5	0.00714285714285714	0.821428571428571	0.00142857142857143	0.17
6	0.180672268907563	0.00420168067226891	0.805322128851541	0.00980392156862745
7	0.00170648464163823	0.015358361774744	0.98122866894198	0.00170648464163823
8	0.236545682102628	0.0438047559449312	0.0	0.719649561952441
9	0.0656205420827389	0.0855920114122682	0.0285306704707561	0.820256776034237
10	0.16695652173913	0.340869565217391	0.0539130434782609	0.438260869565217
