Pos	A	C	G	T
1	0.0	0.381356	0.101695	0.516949
2	0.059322	0.440678	0.042373	0.457627
3	0.288136	0.059322	0.016949	0.635593
4	0.0	0.0338980338980339	0.0508470508470509	0.915254915254915
5	0.076271	0.008475	0.084746	0.830508
6	0.152542	0.288136	0.322034	0.237288
7	0.381356	0.016949	0.059322	0.542373
8	0.254237	0.245763	0.033898	0.466102
9	0.652542	0.042373	0.008475	0.29661
10	0.008475	0.0	0.0	0.991525
11	0.0	0.0	0.728814	0.271186
12	0.0762710762710763	0.440678440678441	0.152542152542153	0.330508330508331
13	0.669491330508669	0.0	0.00847499152500848	0.322033677966322
14	0.79661	0.0	0.135593	0.067797
15	0.906779093220907	0.0677969322030678	0.0254239745760254	0.0
