Pos	A	C	G	T
1	0.0371054502316593	0.356837696606787	0.558463395149313	0.04759345801224
2	0.00143483459052395	0.978382851358943	0.000356051546537424	0.019826262503994
3	0.000754616710571853	0.801883664972877	0.000370222752369759	0.19699149556418
4	0.0369729656250433	0.393107321357521	0.206685521522516	0.36323419149492
5	0.106110113815877	0.885965209242485	0.0	0.00792467694163792
6	0.729707652659585	0.0222141106867425	0.238069822534585	0.0100084141190868
7	0.00381205436889819	0.000138169256865269	0.980180709114902	0.0158690672593335
8	0.0158565534702111	0.000409193568408681	0.983208146944853	0.000526106016525447
9	0.015240561952581	0.601066313676622	0.381997893873104	0.00169523049769311
