Pos	A	C	G	T
1	0.222585235452057	0.211928770404428	0.432843329281685	0.132642664861831
2	0.00712182018203916	0.004399530221151	0.0060122612406345	0.982466388356175
3	0.00147081068976896	0.00882486413861373	0.9876335785426	0.00207074662901682
4	0.968500137727448	0.00728954420806544	0.00451564685455381	0.0196946712099326
5	0.00646382592608988	0.64798472098799	0.0675927824885926	0.277958670597329
6	0.0265418265960936	0.0635609549398839	0.550504545926236	0.359392672537786
7	0.0537276834437836	0.502834149531587	0.0127986333706211	0.430639533654008
8	0.333978086434139	0.438309421062579	0.126978126557751	0.100734365945531
9	0.559788261284979	0.125719560960984	0.158723881568964	0.155768296185073
