Pos	A	C	G	T
1	0.0540540540541	0.116216216216	0.0324324324324	0.797297297297
2	0.0306406685237	0.0974930362117	0.050139275766	0.821727019499
3	0.0224358974359	0.945512820513	0.0160256410256	0.0160256410256
4	0.0302114803625	0.891238670695	0.00604229607251	0.0725075528701
5	0.661434977578	0.0448430493274	0.242152466368	0.0515695067265
6	0.0655737704918	0.2037470726	0.03981264637	0.690866510539
7	0.0654205607477	0.00311526479751	0.919003115265	0.01246105919
8	0.00335570469799	0.00335570469799	0.989932885906	0.00335570469799
9	0.872781065089	0.0295857988166	0.085798816568	0.0118343195266
10	0.90490797546	0.00306748466258	0.0521472392638	0.0398773006135
11	0.505136986301	0.231164383562	0.0633561643836	0.200342465753
12	0.0	0.0	0.0	0.0
13	0.0192926045016	0.0112540192926	0.969453376206	0.0
14	0.0193236714976	0.00322061191626	0.971014492754	0.00644122383253
15	0.91502276176	0.01062215478	0.0698027314112	0.00455235204856
16	0.982084690554	0.00162866449511	0.00977198697068	0.00651465798046
17	0.461009174312	0.233180428135	0.0711009174312	0.234709480122
18	0.349362688297	0.158169177289	0.225955967555	0.26651216686
19	0.103351955307	0.0405027932961	0.0139664804469	0.84217877095
20	0.0679094540613	0.109187749667	0.0199733688415	0.80292942743
21	0.0637720488467	0.818181818182	0.0162822252374	0.101763907734
22	0.0416666666667	0.8375	0.0444444444444	0.0763888888889
