Pos	A	C	G	T
1	0.297142857142857	0.365714285714286	0.24	0.0971428571428571
2	0.601428571428571	0.218571428571429	0.0871428571428571	0.0928571428571429
3	0.125714285714286	0.237142857142857	0.514285714285714	0.122857142857143
4	0.805714285714286	0.0285714285714286	0.165714285714286	0.0
5	0.0	0.0	0.0	1.0
6	0.0	0.0	0.0	1.0
7	0.208571428571429	0.0	0.671428571428571	0.12
8	0.0	0.84	0.16	0.0
9	0.491428571428571	0.222857142857143	0.16	0.125714285714286
10	0.401428571428571	0.39	0.00714285714285714	0.201428571428571
11	0.691428571428572	0.262857142857143	0.0457142857142857	0.0
12	1.0	0.0	0.0	0.0
13	0.0742857142857143	0.148571428571429	0.177142857142857	0.6
