Pos	A	C	G	T
1	0.310296237424405	0.0361007473957255	0.560716827494991	0.0928861876848778
2	0.0562118371760303	0.0340480679482862	0.909740094875683	0.0
3	0.420177463801919	0.0	0.2327101231158	0.347112413082281
4	0.760226365320687	0.00568434308521655	0.0941074577441406	0.139981833849956
5	0.0157898419033793	0.950735693261456	0.0271585280738124	0.00631593676135172
6	0.726294278498427	0.0360008395397048	0.107770556367062	0.129934325594806
7	0.090002098849262	0.272642349861344	0.385697617889539	0.251657933399855
8	0.319496263021373	0.19303570264531	0.329485780713509	0.157982253619808
9	0.395803116707702	0.0933598829419792	0.310537970429454	0.200299029920865
10	0.172998676698024	0.253062945901154	0.051732690880071	0.522205686520752
11	0.0180004197698524	0.0454747446817324	0.925156149377982	0.0113686861704331
12	0.102260184970885	0.014526654551109	0.0958862576465199	0.787326902831487
13	0.244710402962368	0.0170530292556496	0.289179766566884	0.449056801215098
14	0.134355481327752	0.800906166868393	0.0192636071221227	0.0454747446817324
15	0.0839439683629647	0.273074127825438	0.0567854402891523	0.586196463522445
16	0.24402081872322	0.119255223663521	0.191514709017985	0.445209248595274
