Pos	A	C	G	T
1	0.101105263585956	0.300931548070785	0.319531247137756	0.278431941205505
2	0.0392853294487474	0.206861152286395	0.0717176365640368	0.682135881700812
3	0.000854415417824353	0.997084977143812	0.00176216206172412	0.000298445376622459
4	0.00436756613146266	0.890784480651156	0.00731793411130531	0.0975300191060631
5	0.00114039357354453	0.956187837303248	0.000841948196922068	0.041829820926268
6	0.2110843105975	0.00259684840872405	0.0490212521052103	0.737297588888558
7	0.0720253542863776	0.00865724543569141	0.691433875687115	0.227883524590809
8	0.0592235264239447	0.0196655511182645	0.92022949965882	0.000881422798954643
9	0.240002140691367	0.0	0.73343612568301	0.0265617336256122
10	0.000273983445736653	0.000268592174417021	0.999457424379829	0.0
11	0.5353543762704	0.0806653299946282	0.244457390301726	0.139522903433242
12	0.233501171540153	0.408381307895655	0.258859824805933	0.0992576957582591
