Pos	A	C	G	T
1	0.087879	0.506061	0.063636	0.342424
2	0.581818	0.021212	0.015152	0.381818
3	0.036364	0.021212	0.033333	0.909091
4	0.066667	0.0	0.039394	0.893939
5	0.057576	0.342424	0.524242	0.075758
6	0.409091	0.012121	0.021212	0.557576
7	0.3000003000003	0.233333233333233	0.142424142424142	0.324242324242324
8	0.851515	0.012121	0.030303	0.106061
9	0.0	0.0	0.009091	0.990909
10	0.0	0.0	0.857576	0.142424
11	0.018182	0.709091	0.081818	0.190909
12	0.712121	0.012121	0.0	0.275758
13	0.751515	0.018182	0.187879	0.042424
14	0.893939893939894	0.0303030303030303	0.0424240424240424	0.0333330333330333
15	0.163636	0.118182	0.121212	0.59697
