Pos	A	C	G	T
1	0.0970767529795793	0.636930385100859	0.0860396027700148	0.179953259149547
2	0.685893967874182	0.107863058866199	0.097327597302524	0.108915375957094
3	0.656747086613486	0.0501688645889299	0.211810488163517	0.0812735606340664
4	0.803692920059934	0.0	0.196307079940066	0.0
5	0.00903039562600738	0.0	0.990969604373993	0.0
6	0.0	0.0	0.761404254407883	0.238595745592117
7	0.00903039562600738	0.0858376982461867	0.0280945641698007	0.877037341958005
8	0.010033772917786	0.90914541529492	0.00903039562600738	0.0717904161612864
9	0.849144682312032	0.0851341050764694	0.0454028224529816	0.0203183901585166
