Pos	A	C	G	T
1	0.9352297593	0.0216630196937	0.0125820568928	0.0305251641138
2	0.984112364725	0.00356896154732	0.00575638959245	0.00656228413539
3	0.993837925823	0.00186024880828	0.003371700965	0.000930124404139
4	0.00520291363163	0.00219678575558	0.988322349405	0.00427795120823
5	0.00981202230944	0.063519933898	0.0437926048337	0.882875438959
6	0.011766062983	0.000692121351944	0.986042219402	0.00149959626254
7	0.996735074627	0.00163246268657	0.000932835820896	0.000699626865672
8	0.975242441529	0.00125499144324	0.0229321163719	0.000570450656018
9	0.996038219529	0.00198089023538	0.00163132137031	0.000349568865066
10	0.00104566050889	0.00151039851284	0.993145114442	0.00429882653654
11	0.0100954680127	0.0313837375178	0.0205201360694	0.9380006584
12	0.15867768595	0.055822689707	0.642223891811	0.143275732532
