Pos	A	C	G	T
1	0.183333333333333	0.45	0.116666666666667	0.25
2	0.533333333333334	0.266666666666667	0.0666666666666667	0.133333333333333
3	0.0666666666666667	0.533333333333333	0.266666666666667	0.133333333333333
4	0.866666666666667	0.0666666666666667	0.0666666666666667	0.0
5	0.866666666666667	0.0	0.133333333333333	0.0
6	0.0	0.133333333333333	0.0	0.866666666666667
7	1.0	0.0	0.0	0.0
8	0.0666666666666667	0.666666666666667	0.0666666666666667	0.2
9	0.266666666666667	0.333333333333333	0.0666666666666667	0.333333333333333
10	0.533333333333334	0.333333333333333	0.133333333333333	0.0
11	0.533333333333334	0.2	0.266666666666667	0.0
12	0.2	0.4	0.266666666666667	0.133333333333333
13	0.35	0.35	0.0833333333333333	0.216666666666667
