Pos	A	C	G	T
1	0.330121307732912	0.0928615560982827	0.189535130277159	0.387482005891647
2	0.473094591675809	0.261887521966363	0.14200593705106	0.123011949306769
3	0.00686660452903365	0.0	0.0	0.993133395470976
4	0.0	0.00251995389328569	0.909381961372353	0.0880980847343707
5	0.953319189518695	0.0351160537458433	0.0110344047722454	0.000530351963224884
6	0.0626388495508648	0.937361150449144	0.0	0.0
7	0.0383213590717325	0.00359642148171183	0.0	0.958082219446565
8	0.09250621154975	0.872813326974778	0.0346804614754809	0.0
9	0.940480318417342	0.0103555869752702	0.0	0.0491640946073955
10	0.14108458932366	0.143359053180763	0.303905481747809	0.411650875747768
