Pos	A	C	G	T
1	0.378829857746424	0.160578162003424	0.235874513827344	0.224717466422808
2	0.343077514423222	0.0985852754946312	0.328735580889912	0.229601629192235
3	0.304671590555075	0.163689937085783	0.211887657873361	0.319750814485781
4	0.248180185790052	0.0727533852322731	0.257335717219289	0.421730711758385
5	0.0932155076310392	0.0673265368881264	0.829162216982556	0.0102957384982777
6	0.00923741952643628	0.0533070936957121	0.930300524531487	0.00715496224636349
7	0.0685695518148642	0.902850803599646	0.0155518954364243	0.0130277491490652
8	0.0513644849785113	0.00925257673911791	0.889318625646227	0.0500643126361424
9	0.0484446976538034	0.370215920675918	0.566903796054676	0.0144355856156013
10	0.0696888073777375	0.141782739136925	0.774131173235409	0.0143972802499268
11	0.780641676585806	0.0702894264407214	0.135233824464828	0.0138350725086424
12	0.712906365331144	0.0387906275419541	0.215228499886083	0.0330745072408173
13	0.601780051212451	0.0857951207182353	0.26282999490433	0.0495948331649832
14	0.318200687789469	0.221887853023426	0.316622965010514	0.14328849417659
