Pos	A	C	G	T
1	0.602986217457887	0.189509954058193	0.0715926493108729	0.135911179173047
2	0.0	0.0367534456355283	0.0	0.963246554364472
3	0.0	0.0137825421133231	0.00382848392036753	0.982388973966309
4	0.145865237366003	0.0141653905053599	0.596094946401225	0.243874425727412
5	0.0156967840735069	0.848774885145483	0.0784839203675344	0.0570444104134763
6	0.335375191424196	0.225114854517611	0.313935681470138	0.125574272588055
7	0.211715160796325	0.389356814701378	0.0371362940275651	0.361791730474732
8	0.623277182235835	0.321592649310873	0.0122511485451761	0.0428790199081164
9	0.950995405819295	0.0490045941807044	0.0	0.0
10	0.0597243491577335	0.318529862174579	0.164624808575804	0.457120980091884
11	0.143568147013783	0.327335375191424	0.140505359877489	0.388591117917305
