Pos	A	C	G	T
1	0.109757614731301	0.00554606255785691	0.589016765362954	0.295679557347887
2	0.0828199363453937	0.915872339909013	0.000667618876823478	0.000640104868769723
3	0.979573877435107	0.0204261225648932	0.0	0.0
4	0.00159308331483643	0.944117724763308	0.0335869948384153	0.0207021970834402
5	0.0502958043432287	0.00205620859110081	0.946125357410271	0.00152262965539959
6	0.0451391601017276	0.0269432926010333	0.0116835750781752	0.916233972219064
7	0.0	0.0	1.0	0.0
8	0.686163553056748	0.148582599862123	0.0850138781326063	0.0802399689485233
9	0.0746320345308848	0.510952219411501	0.302574408942699	0.111841337114917
