Pos	A	C	G	T
1	0.193251533742331	0.0828220858895705	0.585889570552147	0.138036809815951
2	0.165644171779141	0.282208588957055	0.331288343558282	0.220858895705521
3	0.0	0.662576687116564	0.220858895705521	0.116564417177914
4	0.0	0.0552147239263804	0.94478527607362	0.0
5	0.0	0.0	0.0552147239263804	0.94478527607362
6	0.0	0.0552147239263804	0.94478527607362	0.0
7	0.0552147239263804	0.0	0.883435582822086	0.0613496932515337
8	0.165644171779141	0.331288343558282	0.392638036809816	0.110429447852761
9	0.558282208588957	0.0	0.276073619631902	0.165644171779141
10	0.0	0.331288343558282	0.558282208588957	0.110429447852761
11	0.392638036809816	0.0	0.496932515337423	0.110429447852761
12	0.138036809815951	0.585889570552147	0.193251533742331	0.0828220858895705
