Pos	A	C	G	T
1	0.23500352206921	0.609539354249319	0.0648663856486254	0.0905907380328458
2	0.0154880107906404	0.955651351361336	0.00724894989356914	0.0216116879544519
3	0.155509026321165	0.00694676725845625	0.748436131852517	0.0891080745678608
4	0.0	0.977787766841532	0.0102752447590013	0.0119369883994637
5	0.00759859029225708	0.901106917344639	0.0658014580557449	0.0254930343073565
6	0.00263582478052285	0.902153270143244	0.0193159992135721	0.0758949058626584
7	0.486637840031132	0.490700253624639	0.0133820438752214	0.00927986246900699
8	0.00184324108418791	0.993548131553178	0.000989938867938606	0.00361868849469245
9	0.0931133054419984	0.0186255926032787	0.828280373601732	0.0599807283529899
10	0.0129782601579065	0.882769604463425	0.0602492068320539	0.0440029285466118
11	0.341497339082575	0.318456437861039	0.188539558197516	0.15150666485887
