Pos	A	C	G	T
1	0.370338999895464	0.205292491457021	0.311449546490805	0.11291896215671
2	0.536006693431637	0.180687107619836	0.0703224702271595	0.212983728721365
3	0.209023087996838	0.0407207075459251	0.485680137728409	0.264576066728827
4	0.839574266810094	0.0107324911269579	0.149693242062952	0.0
5	0.0	0.0	0.0	1.00000000000001
6	0.0	0.00153782055297391	0.151397051000027	0.847065128447003
7	0.232672023308129	0.000679892163115129	0.44576161462609	0.320886469902664
8	0.0	0.914068516785665	0.0	0.0859314832143393
9	0.163951295693494	0.218067070054866	0.570578746456057	0.0474028877955779
10	0.307187771709397	0.46552157586391	0.0	0.227290652426692
11	0.900779815561266	0.0992201844387387	0.0	0.0
12	0.579128235985991	0.201585467632516	0.107018634314716	0.112267662066775
