Pos	A	C	G	T
1	0.221258852510718	0.16822788200455	0.29642475617369	0.314088509311042
2	0.201790490817042	0.0642486664627749	0.460562301926219	0.273398540793964
3	0.147721571879643	0.118017126643765	0.719487607851805	0.0147736936247869
4	0.0254143721969265	0.0282431231024352	0.940109692657179	0.00623281204345931
5	0.115871236548276	0.857662785607366	0.00223295484876603	0.0242330229955916
6	0.0578775751052865	0.0289362268246057	0.889192176358023	0.0239940217120845
7	0.00858185322992877	0.0648751912559684	0.918483490803839	0.00805946471026332
8	0.0102821766468791	0.00968296628608633	0.969687808643203	0.010347048423831
9	0.808149476281737	0.00315140263824319	0.186700046058685	0.00199907502133411
10	0.582812237583174	0.0521330085409916	0.358987535578805	0.00606721829702941
11	0.259760252131681	0.170810803018451	0.519151610560106	0.0502773342897617
12	0.186310036253884	0.222715053188086	0.48329288227392	0.107682028284109
