Pos	A	C	G	T
1	0.0980518091356969	0.311078940860633	0.146933400266574	0.443935849737096
2	0.162331246258207	0.162329401296484	0.443265247243669	0.232074105201639
3	0.240415023933073	0.0807497308494824	0.534475006927597	0.14436023828985
4	0.0596598485009066	0.850641218405277	0.0402473740557665	0.0494515590380551
5	0.00822391479990987	0.960676694246078	0.0120868897920387	0.0190125011619755
6	0.67236841134605	0.0324127482998939	0.187935039187253	0.107283801166813
7	0.0404735716841915	0.586411683872354	0.358119756374639	0.0149949880688177
8	0.12399264759447	0.455660741686086	0.13461047345919	0.285736137260254
9	0.834338441430278	0.0618917313268011	0.0500299425393858	0.0537398847035417
10	0.00283881371473793	0.00386966827823472	0.979327971220025	0.0139635467870031
11	0.337985252427046	0.00575251454060428	0.652249524335022	0.00401270869733071
12	0.055176534513852	0.0376354218372002	0.568115002852171	0.33907304079678
13	0.0135222645937168	0.000207875631092214	0.974371627787414	0.0118982319877785
14	0.0412997163901655	0.0219434053478846	0.877859058361112	0.0588978199008429
15	0.103615287420627	0.823833249740842	0.0143427830603617	0.058208679778175
16	0.450847480608013	0.0145098402644747	0.515614803777137	0.0190278753503769
17	0.062361552549867	0.505315726345468	0.394931662787545	0.0373910583171208
18	0.139532082071226	0.35032248724968	0.108914454199351	0.401230976479742
19	0.395647080271749	0.24224647533214	0.310730776537754	0.051375667858355
