Pos	A	C	G	T
1	0.447916552083448	0.166666833333167	0.385416614583385	0.0
2	0.239583	0.34375	0.416667	0.0
3	0.770833770833771	0.0	0.114583114583115	0.114583114583115
4	0.322916677083323	0.0	0.635416364583635	0.0416669583330417
5	0.135417	0.21875	0.614583	0.03125
6	0.354167	0.197917	0.270833	0.177083
7	0.3125	0.208333	0.322917	0.15625
8	0.458333	0.03125	0.072917	0.4375
9	0.208333	0.0	0.635417	0.15625
10	0.135417	0.145833	0.666667	0.052083
11	0.447916552083448	0.0416669583330417	0.437499562500437	0.0729169270830729
12	0.23958323958324	0.0520830520830521	0.656250656250656	0.0520830520830521
13	0.531250531250531	0.114583114583115	0.302083302083302	0.0520830520830521
14	0.4375	0.020833	0.385417	0.15625
15	0.25	0.0	0.572917	0.177083
16	0.354167	0.208333	0.291667	0.145833
17	0.302083	0.0	0.541667	0.15625
18	0.302083	0.0	0.625	0.072917
19	0.46875	0.083333	0.354167	0.09375
20	0.333333	0.0	0.5	0.166667
21	0.229167	0.0625	0.65625	0.052083
22	0.21875	0.145833	0.46875	0.166667
23	0.59375	0.010417	0.25	0.145833
24	0.208333	0.0	0.666667	0.125
25	0.125	0.166667	0.708333	0.0
26	0.520833520833521	0.114583114583115	0.270833270833271	0.0937500937500938
27	0.645833	0.010417	0.291667	0.052083
28	0.208333	0.104167	0.6875	0.0
29	0.4375	0.0625	0.302083	0.197917
30	0.322917	0.125	0.375	0.177083
