Pos	A	C	G	T
1	0.557692307692308	0.0961538461538462	0.0961538461538462	0.25
2	0.0384615384615385	0.115384615384615	0.0	0.846153846153846
3	0.0384615384615385	0.0384615384615385	0.0769230769230769	0.846153846153846
4	0.0384615384615385	0.0	0.0	0.961538461538462
5	0.0769230769230769	0.653846153846154	0.269230769230769	0.0
6	0.923076923076923	0.0	0.0384615384615385	0.0384615384615385
7	0.0	1.0	0.0	0.0
8	0.961538461538462	0.0	0.0384615384615385	0.0
9	0.0	0.961538461538462	0.0384615384615385	0.0
10	0.0	0.923076923076923	0.0769230769230769	0.0
11	0.0	0.0	0.0	1.0
12	1.0	0.0	0.0	0.0
13	0.0384615384615385	0.0384615384615385	0.923076923076923	0.0
14	0.0384615384615385	0.0	0.961538461538462	0.0
15	0.0	0.0	0.0	1.0
16	0.0	0.0	1.0	0.0
17	0.0	0.0	0.0	1.0
18	0.0	0.692307692307692	0.192307692307692	0.115384615384615
19	1.0	0.0	0.0	0.0
20	0.0384615384615385	0.653846153846154	0.0	0.307692307692308
21	0.423076923076923	0.0	0.0	0.576923076923077
22	0.576923076923077	0.0384615384615385	0.0384615384615385	0.346153846153846
23	0.115384615384615	0.0384615384615385	0.0384615384615385	0.807692307692308
24	0.0384615384615385	0.307692307692308	0.5	0.153846153846154
25	0.0673076923076923	0.336538461538462	0.105769230769231	0.490384615384615
