Pos	A	C	G	T
1	0.1999998000002	0.219047780952219	0.514285485714514	0.0666669333330667
2	0.333333	0.095238	0.409524	0.161905
3	0.123809876190124	0.123809876190124	0.685713314286686	0.0666669333330667
4	0.123809876190124	0.171428828571171	0.457142542857457	0.247618752381248
5	0.104762104762105	0.0285710285710286	0.276190276190276	0.590476590476591
6	0.0	0.0	0.942857	0.057143
7	0.019048	0.009524	0.933333	0.038095
8	0.047619	0.009524	0.933333	0.009524
9	0.009524	0.0	0.980952	0.009524
10	0.0	0.0	1.0	0.0
11	0.714286	0.047619	0.009524	0.228571
12	0.123809876190124	0.0	0.809523190476809	0.0666669333330667
13	0.0	0.0	1.0	0.0
14	0.171429	0.0	0.828571	0.0
15	0.009524	0.019048	0.942857	0.028571
