Pos	A	C	G	T
1	0.058642	0.506173	0.175926	0.259259
2	0.052469	0.623457	0.040123	0.283951
3	0.540123	0.027778	0.006173	0.425926
4	0.0	0.024691	0.021605	0.953704
5	0.0	0.0	0.12963	0.87037
6	0.098765	0.277778	0.570988	0.052469
7	0.327160327160327	0.0123460123460123	0.00308600308600309	0.657407657407657
8	0.175926	0.268519	0.089506	0.466049
9	0.932098067901932	0.0123459876540123	0.0216049783950216	0.033950966049034
10	0.027778	0.0	0.0	0.972222
11	0.0	0.0	0.92284	0.07716
12	0.0	0.864198	0.037037	0.098765
13	0.808641191358809	0.0185189814810185	0.0216049783950216	0.151234848765151
14	0.524691524691525	0.104938104938105	0.200617200617201	0.16975316975317
15	0.79321	0.049383	0.080247	0.07716
