Pos	A	C	G	T
1	0.541891891891892	0.164234234234234	0.198288288288288	0.0955855855855855
2	0.00648648648648648	0.0126126126126126	0.00324324324324324	0.977657657657655
3	0.00765765765765765	0.00045045045045045	0.0267567567567567	0.965135135135133
4	0.174954954954955	0.00576576576576576	0.588468468468468	0.230810810810811
5	0.0100900900900901	0.921081081081079	0.0659459459459459	0.00288288288288288
6	0.455315315315316	0.23981981981982	0.0981981981981981	0.206666666666667
7	0.238378378378378	0.390090090090091	0.0603603603603603	0.311171171171171
8	0.607207207207207	0.292612612612613	0.0259459459459459	0.0742342342342342
9	0.772252252252252	0.0781981981981982	0.0774774774774774	0.072072072072072
10	0.121081081081081	0.281081081081081	0.242522522522522	0.355315315315316
