Pos	A	C	G	T
1	0.181122448979592	0.0892857142857143	0.548469387755102	0.181122448979592
2	0.0816326530612245	0.163265306122449	0.0	0.755102040816326
3	0.0	0.0	0.214285714285714	0.785714285714286
4	0.0	0.173469387755102	0.13265306122449	0.693877551020408
5	0.0	0.637755102040816	0.362244897959184	0.0
6	0.0	0.0	1.0	0.0
7	0.0510204081632653	0.948979591836734	0.0	0.0
8	0.0	0.0	1.0	0.0
9	0.0	0.530612244897959	0.469387755102041	0.0
10	0.0127551020408163	0.318877551020408	0.563775510204082	0.104591836734694
