Pos	A	C	G	T
1	0.334403423299256	0.182647180716497	0.211057835809266	0.271891560174981
2	0.311999354481828	0.140424344051531	0.242850627349996	0.304725674116645
3	0.286563127504847	0.0944363231849134	0.208115596287749	0.410884953022492
4	0.170879868797956	0.0705373147498596	0.289228961275231	0.469353855176953
5	0.0506348769798729	0.188055640907542	0.752261352768611	0.00904812934397378
6	0.0382686709882753	0.0136238834242272	0.93408629858882	0.0140211469986769
7	0.0401719246585938	0.926549125135397	0.00504479595963214	0.0282341542463779
8	0.0134685894814877	0.0105468964657616	0.912328894913615	0.0636556191391364
9	0.00774979975293109	0.338648385997898	0.648882052123181	0.00471976212599141
10	0.0236823262677675	0.0773734329745496	0.886387093262888	0.0125571474947944
11	0.916132213982527	0.0249520011450307	0.044194227168824	0.0147215577036183
12	0.83611180524501	0.0102909323217695	0.14229488361272	0.0113023788204993
13	0.633716310662612	0.0681384003573062	0.181627135770624	0.116518153209457
14	0.310277537468232	0.196455338169049	0.261771333183678	0.23149579117904
