Pos	A	C	G	T
1	0.298938679245283	0.389740566037736	0.183372641509434	0.127948113207547
2	0.162735849056604	0.507075471698114	0.259433962264151	0.0707547169811321
3	0.965801886792452	0.0	0.0224056603773585	0.0117924528301887
4	0.0424528301886793	0.268867924528302	0.0	0.68867924528302
5	0.0636792452830189	0.759433962264152	0.0424528301886793	0.134433962264151
6	0.282429245283019	0.0424528301886793	0.675117924528303	0.0
7	0.965801886792453	0.0	0.0235849056603774	0.0106132075471698
8	0.0106132075471698	0.0318396226415094	0.0106132075471698	0.946933962264151
9	0.304245283018868	0.351415094339623	0.0731132075471698	0.27122641509434
10	0.237323113207547	0.319870283018868	0.285672169811321	0.157134433962264
11	0.105247641509434	0.453125	0.243219339622641	0.198408018867924
12	0.0330188679245283	0.515330188679246	0.139150943396226	0.3125
13	0.297169811320755	0.376179245283019	0.201650943396226	0.125
14	0.0683962264150944	0.320754716981132	0.141509433962264	0.46933962264151
