Pos	A	C	G	T
1	0.07196	0.875931	0.019851	0.032258
2	0.007444	0.992556	0.0	0.0
3	0.851117	0.012407	0.047146	0.08933
4	0.057072	0.548387	0.39206	0.002481
5	0.208437208437208	0.384615384615385	0.0471460471460471	0.35980135980136
6	0.96029703970296	0.00992599007400993	0.0198509801490199	0.00992599007400993
7	0.0	0.00248100248100248	0.995037995037995	0.00248100248100248
8	0.426799	0.004963	0.563275	0.004963
9	0.034739	0.019851	0.590571	0.354839
10	0.009926	0.0	0.98263	0.007444
11	0.076923	0.009926	0.861042	0.052109
12	0.156328	0.754342	0.007444	0.081886
13	0.431762	0.002481	0.53598	0.029777
14	0.08933	0.526055	0.287841	0.096774
15	0.131513868486132	0.337468662531338	0.0545909454090546	0.476426523573476
