Pos	A	C	G	T
1	0.0192926045016	0.0112540192926	0.969453376206	0.0
2	0.0193236714976	0.00322061191626	0.971014492754	0.00644122383253
3	0.91502276176	0.01062215478	0.0698027314112	0.00455235204856
4	0.982084690554	0.00162866449511	0.00977198697068	0.00651465798046
5	0.461009174312	0.233180428135	0.0711009174312	0.234709480122
6	0.349362688297	0.158169177289	0.225955967555	0.26651216686
7	0.103351955307	0.0405027932961	0.0139664804469	0.84217877095
8	0.0679094540613	0.109187749667	0.0199733688415	0.80292942743
9	0.0637720488467	0.818181818182	0.0162822252374	0.101763907734
10	0.0416666666667	0.8375	0.0444444444444	0.0763888888889
