Pos	A	C	G	T
1	0.0360496664124161	0.361856679303411	0.536621756176472	0.0654718981077008
2	0.00187537184845518	0.963491325933786	0.0147852235438499	0.0198480786739118
3	0.0049196546324784	0.904541723681713	0.0154912909595661	0.0750473307262455
4	0.036031668158767	0.384476312476412	0.153776801732844	0.425715217631976
5	0.0971349774400963	0.902865022559907	0.0	0.0
6	0.661324201926954	0.087782114796682	0.217045424747242	0.033848258529123
7	0.0383421976728243	0.0421088240641333	0.906438193378542	0.0131107848845037
8	0.0156325245563876	0.050290807408485	0.927819429024881	0.00625723901024916
9	0.0272034029770719	0.561151412510187	0.396063618672619	0.0155815658401221
