Pos	A	C	G	T
1	0.0851784913836541	0.117374607779905	0.712779458919395	0.0846674419170469
2	0.0928442333827614	0.0754685515181182	0.489773640244164	0.341913574854957
3	0.11140878372036	0.229471951353997	0.2466808636789	0.412438401246744
4	0.102209893321431	0.699836452714475	0.0623480349260728	0.135605619038022
5	0.758951421301164	0.0756353210578588	0.0459944519946438	0.119418805646333
6	0.609380697125009	0.0521270455939297	0.255702243690703	0.0827900135903589
7	0.725044646117966	0.0	0.264734364549891	0.0102209893321431
8	0.0173756818646432	0.0	0.982624318135356	0.0
9	0.0194198797310718	0.0449723530614295	0.651953831545758	0.283653935661741
10	0.0388397594621437	0.0785348483177611	0.0286187701300006	0.854006622090095
11	0.00919889039892877	0.866782858755273	0.0669474801255372	0.0570707707202606
12	0.815589156900995	0.100087681108825	0.0452278777947331	0.0390952841954473
