Pos	A	C	G	T
1	0.390642343594948	0.0963102869008078	0.325827991694345	0.187219377809899
2	0.681818181818182	0.0909090909090909	0.0	0.227272727272727
3	0.112513874875959	0.0	0.0	0.887486125124041
4	0.157968420330504	0.0	0.0	0.842031579669496
5	0.954545454545454	0.0454545454545454	0.0	0.0
6	0.932940670578587	0.0670593294214132	0.0	0.0
7	0.476150238512322	0.0	0.0238497614876777	0.5
8	0.0	0.409090909090909	0.227272727272727	0.363636363636364
9	0.29433205669414	0.181818181818182	0.432940670578587	0.0909090909090909
10	0.5	0.0454545454545454	0.363636363636364	0.0909090909090909
11	0.454545454545454	0.0454545454545454	0.157968420330504	0.342031579669496
12	0.729517704793537	0.0	0.0909090909090909	0.179573204297372
13	0.136363636363636	0.0454545454545454	0.0909090909090909	0.727272727272727
14	0.160213397851314	0.569304306942223	0.0454545454545454	0.225027749751917
15	0.727272727272727	0.0	0.0	0.272727272727273
16	0.751122488760405	0.0454545454545454	0.0	0.20342296578505
17	0.954545454545454	0.0	0.0	0.0454545454545454
18	0.409090909090909	0.0	0.0454545454545454	0.545454545454545
19	0.114758852396769	0.136363636363636	0.0909090909090909	0.657968420330504
20	0.521604783966868	0.136363636363636	0.0238497614876777	0.318181818181818
21	0.612513874875959	0.0693043069422232	0.0	0.318181818181818
22	0.665614593843031	0.00540119599171693	0.0747055029339401	0.254278707231312
