Pos	A	C	G	T
1	0.189490445859873	0.164012738853503	0.0429936305732484	0.603503184713376
2	0.0390127388535032	0.207802547770701	0.035828025477707	0.717356687898089
3	0.121019108280255	0.764331210191083	0.0	0.114649681528662
4	0.0	0.659235668789809	0.114649681528662	0.226114649681529
5	0.35031847133758	0.0573248407643312	0.0	0.592356687898089
6	0.49124203821656	0.121815286624204	0.265127388535032	0.121815286624204
7	0.0286624203821656	0.0286624203821656	0.942675159235669	0.0
8	0.863853503184713	0.0071656050955414	0.035828025477707	0.0931528662420382
9	0.835191082802548	0.0071656050955414	0.035828025477707	0.121815286624204
10	0.595541401273885	0.0318471337579618	0.0859872611464968	0.286624203821656
11	0.18312101910828	0.103503184713376	0.558917197452229	0.154458598726115
12	0.203821656050955	0.484076433121019	0.0573248407643312	0.254777070063694
13	0.30015923566879	0.261942675159236	0.0644904458598726	0.373407643312102
14	0.200636942675159	0.292993630573248	0.0796178343949045	0.426751592356688
15	0.254777070063694	0.168789808917197	0.0573248407643312	0.519108280254777
16	0.248407643312102	0.226114649681529	0.143312101910828	0.382165605095541
