Pos	A	C	G	T
1	0.432621098332518	0.118639118180936	0.346554513253178	0.102185270233368
2	0.0701676204864877	0.0325479692797297	0.867386917386062	0.0298974928477105
3	0.841698202309721	0.047948006676865	0.0343609669180935	0.075992824095313
4	0.815883276739769	0.0755008194881716	0.0692671611323213	0.0393487426397311
5	0.292853379615436	0.214178738947376	0.254571539425773	0.238396342011413
6	0.285524965416311	0.230508045995269	0.339974265928274	0.143992722660145
7	0.139612901552751	0.0974556279417375	0.122879690381427	0.640051780124081
8	0.135529575837728	0.106608813270451	0.107594542985136	0.65026706790668
9	0.0782646181400358	0.778099961653831	0.107056187371109	0.0365792328350164
10	0.10027876639725	0.321800071449645	0.169621943923499	0.408299218229606
11	0.618053505563102	0.0906475743579487	0.242638735235304	0.048660184843642
12	0.0568069706350673	0.0328870756890632	0.887388061652891	0.0229178920229686
13	0.742067019991023	0.107647663861194	0.0898512406131928	0.060434075534584
14	0.752767032156978	0.0478860887024887	0.140364757510427	0.0589821216301004
