Pos	A	C	G	T
1	0.415595223513177	0.0677659158481071	0.404843577982424	0.111795282656288
2	0.0652019320935651	0.0286443657740668	0.839520898233781	0.0666328038985888
3	0.195975276205989	0.0600694546690151	0.457858844653852	0.28609642447114
4	0.102575458191239	0.366539021533468	0.271364967379342	0.259520552895947
5	0.0590319887263815	0.84493750316101	0.024688825474439	0.0713416826381713
6	0.916678300556629	0.0190615913178498	0.0166967813101652	0.0475633268153581
7	0.762126016048814	0.0243851258784732	0.204290649049478	0.00919820902323447
8	0.826600470488392	0.00236312560302485	0.157820149060208	0.013216254848377
9	0.00757625441193442	0.0124272946308577	0.960606315545865	0.0193901354113465
10	0.0699705957196155	0.0240994554166964	0.351684623509285	0.554245325354399
11	0.0488598166809716	0.451712764989556	0.10856779195032	0.390859626379147
12	0.0446342332315693	0.851595216146681	0.0234986106073448	0.0802719400144066
13	0.734160692999736	0.0625539800830039	0.105674571090964	0.0976107558262953
