Pos	A	C	G	T
1	0.0	0.0931636344151918	0.77640727740354	0.130429088181269
2	0.130429088181269	0.0	0.214276359154941	0.65529455266379
3	0.177010905388864	0.0	0.822989094611136	0.0
4	0.302278788528269	0.311595151969789	0.121112724739749	0.265013334762193
5	0.358176969177384	0.0	0.641823030822615	0.0
6	0.0	0.167694541947345	0.0931636344151918	0.739141823637463
7	0.576608486731981	0.0	0.423391513268019	0.0
8	0.0	0.651139394264135	0.302278788528269	0.0465818172075959
9	0.0	0.0	1.0	0.0
10	0.130429088181269	0.0	0.0	0.869570911818731
11	0.0	0.204959995713422	0.701876369871386	0.0931636344151918
12	0.0465818172075959	0.149061815064307	0.502077579199828	0.302278788528269
13	0.0	0.121112724739749	0.878887275260251	0.0
