Pos	A	C	G	T
1	0.130643982856744	0.337684015153734	0.100317054359038	0.431354947630493
2	0.219079400967602	0.576633800973423	0.170713705194236	0.0335730928647424
3	0.7659550267691	0.0352621571166672	0.144517441176488	0.0542653749377476
4	0.93914712342202	0.0136117635522785	0.0306556931695037	0.0165854198561986
5	0.0194747454667641	0.00271413720830526	0.954774496850435	0.0230366204744952
6	0.00723409479026383	0.00628252477300939	0.975205113073131	0.0112782673635952
7	0.0922633103125994	0.0405390309355911	0.112127348881364	0.755070309870449
8	0.0138388427609415	0.879118261902492	0.0672002666663158	0.0398426286702508
9	0.930455409390772	0.0101428713202802	0.0382747152594891	0.0211270040294584
