Pos	A	C	G	T
1	0.473436594299333	0.0177193074564287	0.498940205223648	0.00990389302058942
2	0.0543557831274223	0.0	0.83009760399237	0.11554661288021
3	0.0175846824806383	0.0432540293486966	0.939161288170669	0.0
4	0.0195385360895982	0.0764764227130019	0.102850005427965	0.801135035769437
5	0.00195385360895982	0.998046146391045	0.0	0.0
6	0.948219438356575	0.00586156082687945	0.0	0.0459190008165499
7	0.110575669879944	0.388671778275225	0.328627052276655	0.172125499568173
8	0.201709435666139	0.163426349317708	0.395941810795914	0.238922404220236
9	0.142106577574882	0.17781444243932	0.440631839886375	0.23944714009942
10	0.0715883476846082	0.114400509125992	0.0449386330060758	0.769072510183326
11	0.146366402716254	0.0921970015685406	0.740296323940101	0.0211402717751055
12	0.520118469978695	0.204450393093875	0.142299841566579	0.133131295360848
13	0.0917482516492395	0.706811562636203	0.0350864969894048	0.166353688725153
14	0.095738826839031	0.764274185138793	0.015278710948226	0.124708277073952
15	0.0987248052623834	0.212227814549773	0.083542726310006	0.605504653877838
