Pos	A	C	G	T
1	0.660714285714286	0.146428571428571	0.160714285714286	0.0321428571428571
2	0.128571428571429	0.114285714285714	0.385714285714286	0.371428571428571
3	0.128571428571429	0.128571428571429	0.471428571428571	0.271428571428571
4	0.0	0.514285714285714	0.114285714285714	0.371428571428571
5	0.142857142857143	0.471428571428571	0.0	0.385714285714286
6	0.885714285714286	0.0	0.114285714285714	0.0
7	0.128571428571429	0.471428571428571	0.128571428571429	0.271428571428571
8	0.0	0.0	0.6	0.4
9	0.385714285714286	0.0	0.128571428571429	0.485714285714286
10	0.0	0.0	0.871428571428571	0.128571428571429
11	0.128571428571429	0.728571428571429	0.0	0.142857142857143
12	0.0	1.0	0.0	0.0
13	0.357142857142857	0.0	0.514285714285714	0.128571428571429
14	0.0	0.485714285714286	0.514285714285714	0.0
15	0.385714285714286	0.357142857142857	0.257142857142857	0.0
16	0.182142857142857	0.182142857142857	0.196428571428571	0.439285714285714
