Pos	A	C	G	T
1	0.0524781341107872	0.104956268221574	0.419825072886298	0.422740524781341
2	0.749271137026239	0.0	0.224489795918367	0.0262390670553936
3	0.0787172011661808	0.854227405247813	0.0262390670553936	0.0408163265306122
4	0.0	1.0	0.0	0.0
5	0.183673469387755	0.763848396501458	0.0	0.0524781341107872
6	0.0	0.947521865889213	0.0262390670553936	0.0262390670553936
7	0.198250728862974	0.801749271137026	0.0	0.0
8	0.0524781341107872	0.854227405247813	0.0	0.0932944606413994
9	0.498542274052478	0.0932944606413994	0.381924198250729	0.0262390670553936
10	0.0131195335276968	0.736151603498542	0.196793002915452	0.053935860058309
