Pos	A	C	G	T
1	0.34139241925624	0.261790341991309	0.308834144725129	0.0879830940273219
2	0.067212829643076	0.084088476869875	0.766479824386581	0.0822188691004513
3	0.750296720432387	0.0685647361978795	0.117061017681046	0.0640775256886734
4	0.692768717002819	0.0605789405833685	0.110645927895798	0.136006414518001
5	0.120980577681473	0.230400031135392	0.280198073073843	0.368421318109292
6	0.304404390402044	0.189921001040736	0.415817934655191	0.0898566739020296
7	0.0960469732972932	0.0361830540862938	0.0787381748539936	0.789031797762405
8	0.0645455836956032	0.0485172066217223	0.0926486157155808	0.794288593967079
9	0.0442910939366257	0.795094907058229	0.120599999422189	0.0400139995829425
10	0.0677002010613284	0.137598120372052	0.161984052696789	0.632717625869821
11	0.582009114133276	0.177806331700674	0.174563806129545	0.0656207480364944
12	0.0168635486711487	0.119123162364877	0.810128754553192	0.0538845344107638
13	0.725305699786904	0.0617122042254749	0.114388240532069	0.0985938554555386
14	0.550779981078694	0.162435031943249	0.138522027796482	0.148262959181575
