Pos	A	C	G	T
1	0.187931034482759	0.194827586206897	0.505172413793103	0.112068965517241
2	0.344827586206896	0.0620689655172414	0.372413793103448	0.220689655172414
3	0.0	0.0	0.193103448275862	0.806896551724138
4	0.289655172413793	0.0	0.124137931034483	0.586206896551724
5	0.0620689655172414	0.0	0.0	0.937931034482759
6	0.262068965517241	0.0	0.0	0.737931034482759
7	1.0	0.0	0.0	0.0
8	0.0	0.172413793103448	0.0	0.827586206896552
9	0.110344827586207	0.0620689655172414	0.23448275862069	0.593103448275862
10	0.0	0.0620689655172414	0.76551724137931	0.172413793103448
11	0.1	0.189655172413793	0.679310344827586	0.0310344827586207
