Pos	A	C	G	T
1	0.0569620253164557	0.229113924050633	0.267088607594937	0.446835443037975
2	0.124050632911392	0.10126582278481	0.455696202531646	0.318987341772152
3	0.382278481012658	0.440506329113924	0.0405063291139241	0.136708860759494
4	0.0632911392405063	0.020253164556962	0.020253164556962	0.89620253164557
5	0.0430379746835443	0.0632911392405063	0.830379746835443	0.0632911392405063
6	0.913924050632912	0.0	0.0	0.0860759493670886
7	0.108860759493671	0.417721518987342	0.473417721518987	0.0
8	0.177215189873418	0.0	0.0405063291139241	0.782278481012659
9	0.0430379746835443	0.934177215189874	0.0227848101265823	0.0
10	0.934177215189874	0.0430379746835443	0.0	0.0227848101265823
11	0.0430379746835443	0.478481012658228	0.265822784810127	0.212658227848101
12	0.106329113924051	0.260759493670886	0.362025316455696	0.270886075949367
13	0.10379746835443	0.146835443037975	0.268354430379747	0.481012658227848
14	0.0886075949367089	0.356962025316456	0.169620253164557	0.384810126582278
