Pos	A	C	G	T
1	0.499162668083784	0.119767618666391	0.189161902067015	0.19190781118281
2	0.148483050448025	0.61472304823953	0.230485330094207	0.00630857121823854
3	0.553827043601689	0.384339812268653	0.034910476137893	0.0269226679917638
4	0.0	0.0	0.999999999999999	0.0
5	0.0	0.00378514273094313	0.996214857269056	0.0
6	0.999999999999999	0.0	0.0	0.0
7	0.689683805422318	0.0185081909704727	0.0359588559439597	0.255849147663249
8	0.230086099791802	0.0675108582260715	0.669802659893948	0.0326003820881785
9	0.145004190087075	0.21976990521412	0.0446887615261627	0.590537143172642
