Pos	A	C	G	T
1	0.140947854007234	0.0281895708014468	0.43175357665461	0.399108998536709
2	0.0	0.629080572264738	0.258161144529475	0.112758283205787
3	0.338274849617362	0.436208583971063	0.112758283205787	0.112758283205787
4	0.370919427735262	0.225516566411575	0.112758283205787	0.290805722647375
5	0.145402861323688	0.854597138676312	0.0	0.0
6	0.887241716794213	0.112758283205787	0.0	0.0
7	0.0	0.0	1.0	0.0
8	0.0	0.0	1.0	0.0
9	1.0	0.0	0.0	0.0
10	0.854597138676312	0.145402861323688	0.0	0.0
11	0.0	0.0	1.0	0.0
12	0.0	0.0	0.0	1.0
13	0.45103313282315	0.145402861323688	0.403564005853163	0.0
14	0.661725150382638	0.0	0.225516566411575	0.112758283205787
15	0.112758283205787	0.661725150382638	0.112758283205787	0.112758283205787
16	0.370919427735262	0.0	0.290805722647375	0.338274849617362
17	0.140947854007234	0.43175357665461	0.140947854007234	0.286350715330922
