Pos	A	C	G	T
1	0.473799895458361	0.0904930116090717	0.2245567325114	0.211150360421167
2	0.496035767338615	0.120657348812096	0.0	0.383306883849289
3	0.0	0.120657348812096	0.0	0.879342651187905
4	0.120657348812096	0.0	0.879342651187905	0.0
5	1.0	0.0	0.0	0.0
6	0.0	0.0	0.0	1.0
7	0.0	0.0	0.0	1.0
8	0.120657348812096	0.0	0.503964232661385	0.37537841852652
9	0.879342651187905	0.0	0.120657348812096	0.0
10	0.0	0.0	0.0	1.0
11	0.0	0.0	0.879342651187905	0.120657348812096
12	0.496035767338615	0.503964232661385	0.0	0.0
13	0.503964232661385	0.254721069714424	0.120657348812096	0.120657348812096
