Pos	A	C	G	T
1	0.655797101449275	0.16304347826087	0.16304347826087	0.0181159420289855
2	0.115942028985507	0.884057971014493	0.0	0.0
3	0.521739130434783	0.0	0.478260869565217	0.0
4	0.0	1.0	0.0	0.0
5	0.115942028985507	0.884057971014493	0.0	0.0
6	0.0	1.0	0.0	0.0
7	0.782608695652174	0.181159420289855	0.036231884057971	0.0
8	0.0	0.884057971014493	0.0	0.115942028985507
9	0.144927536231884	0.0	0.217391304347826	0.63768115942029
10	0.144927536231884	0.594202898550725	0.0	0.260869565217391
11	0.394927536231884	0.0181159420289855	0.0181159420289855	0.568840579710145
