Pos	A	C	G	T
1	0.197916666666667	0.00852272727272727	0.00852272727272727	0.785037878787879
2	0.0	0.0378787878787879	0.0	0.962121212121212
3	0.0757575757575758	0.0	0.924242424242425	0.0
4	1.0	0.0	0.0	0.0
5	0.0	0.0	0.0	1.0
6	0.0	0.0	0.0	1.0
7	0.556818181818182	0.0	0.253787878787879	0.189393939393939
8	1.0	0.0	0.0	0.0
9	0.0378787878787879	0.0	0.0	0.962121212121212
10	0.102272727272727	0.0681818181818182	0.518939393939394	0.310606060606061
11	0.291666666666667	0.363636363636364	0.242424242424242	0.102272727272727
