Pos	A	C	G	T
1	0.41182414290926	0.0644942752015798	0.39603642164982	0.12764516023934
2	0.368491149622399	0.0947263275566401	0.42626847400488	0.11051404881608
3	0.12630177007552	0.0789386062972001	0.700033296070639	0.0947263275566401
4	0.03157544251888	0.06315088503776	0.889485951183919	0.01578772125944
5	0.494792919697919	0.28417898266992	0.22102809763216	0.0
6	0.11051404881608	0.826335066146159	0.01578772125944	0.04736316377832
7	0.03157544251888	0.06315088503776	0.889485951183919	0.01578772125944
8	0.01578772125944	0.984212278740559	0.0	0.0
9	0.936849114962239	0.0	0.0	0.06315088503776
10	0.0	0.0	0.999999999999999	0.0
11	0.04736316377832	0.873698229924479	0.0789386062972001	0.0
12	0.0	0.01578772125944	0.01578772125944	0.968424557481119
13	0.0	0.03157544251888	0.921061393702799	0.04736316377832
14	0.289552543325199	0.44205619526432	0.14208949133496	0.12630177007552
15	0.0	0.04736316377832	0.45784391652376	0.494792919697919
16	0.28417898266992	0.463217477179039	0.12630177007552	0.12630177007552
17	0.04736316377832	0.857910508665039	0.0	0.0947263275566401
18	0.1578772125944	0.778971902367839	0.03157544251888	0.03157544251888
19	0.1578772125944	0.636882411032879	0.0947263275566401	0.11051404881608
20	0.35656711850122	0.29341623346346	0.2302653484257	0.11975129960962
