Pos	A	C	G	T
1	0.20158288653078	0.532935280098885	0.110687718674597	0.154794114695743
2	0.435272054630308	0.0573936459141874	0.0203846915697679	0.486949607885741
3	0.563982091069495	0.0628428508249727	0.309393038287347	0.0637820198181893
4	0.553282625174313	0.0147170221439417	0.118172727942914	0.313827624738835
5	0.179187729544858	0.00558264878477015	0.801890384841505	0.0133392368288692
6	0.0175441002985668	0.247128444249642	0.00537394456405535	0.729953510887739
7	0.812176762475561	0.187065746518789	0.000757491005653608	0.0
8	0.965874241806984	0.0303383031647471	0.00265121851978763	0.00113623650848041
9	0.992144878198267	0.00132560925989381	0.00520390328194335	0.00132560925989381
10	0.00585704217723955	0.632847894292869	0.0110281008733056	0.350266962656591
11	0.979080034761867	0.00582419759136225	0.00151498201130722	0.0135807856354613
12	0.405014081078804	0.156330304587476	0.213791516084543	0.224864098249177
