Pos	A	C	G	T
1	0.474466209730765	0.245596206170199	0.0839758365323344	0.195961747566702
2	0.167389301685432	0.0868603025561185	0.38610017611207	0.359650219646379
3	0.24516083089233	0.159679263297419	0.548282917129171	0.0468769886810798
4	0.335340974750101	0.0	0.107287334771507	0.557371690478392
5	0.980697710543085	0.0	0.0110298796896658	0.00827240976724938
6	0.988970120310334	0.0	0.0110298796896658	0.0
7	0.962774156047378	0.0	0.0372258439526222	0.0
8	0.0	0.819639712284457	0.0	0.180360287715543
9	0.956696844823309	0.0	0.0	0.0433031551766916
10	0.54797453795267	0.198029850008515	0.17484534787071	0.0791502641681056
11	0.471581743706981	0.10672496339227	0.395497328637793	0.0261959642629564
12	0.150844482150934	0.494766245844785	0.0261959642629564	0.328193307741325
13	0.422509656482721	0.341980657353407	0.0805289991293138	0.154980687034558
