Pos	A	C	G	T
1	0.525766554673365	0.101922223633869	0.321785151389469	0.0505260703032972
2	0.132433926753247	0.0270402824624258	0.726592549036748	0.113933241747577
3	0.0176766980214411	0.0142168530425861	0.959295603672844	0.0088108452631252
4	0.0139353616710957	0.0372752820436613	0.122617374559663	0.826171981725578
5	0.00274587298500771	0.91529638485241	0.0549519800651024	0.0270057620974777
6	0.905369817668444	0.0270607695926683	0.0160222701574468	0.051547142581438
7	0.0731366533343336	0.401311700190503	0.394586637970097	0.130965008505067
8	0.199811375980781	0.260859059019365	0.397844275872479	0.141485289127378
9	0.14459839167443	0.25398034332214	0.424637587328362	0.176783677675069
10	0.0826717141564273	0.129173624624912	0.0316120596925368	0.756542601526122
11	0.0776674563039594	0.115636223211225	0.784976307611294	0.0217200128735194
12	0.522531861457834	0.245159254493893	0.130265069745926	0.102043814302348
13	0.0375567734151517	0.813410013696466	0.0640135860043541	0.0850196268840262
14	0.0332937099432185	0.861538566920442	0.0349621710419183	0.0702055520944191
15	0.126214738276495	0.247905690200716	0.0234224316153516	0.602457139907437
16	0.110810176996311	0.216472404867549	0.45404921523549	0.218668202900651
17	0.289327566830393	0.165892659182038	0.396337328950675	0.148442445036896
18	0.173627424671831	0.325059768113417	0.363145003906601	0.138167803308152
