Pos	A	C	G	T
1	0.253086419753086	0.697530864197531	0.0493827160493827	0.0
2	0.0432098765432099	0.0	0.0	0.95679012345679
3	0.0432098765432099	0.0	0.746913580246914	0.209876543209877
4	0.938271604938272	0.0	0.0	0.0617283950617284
5	0.141975308641975	0.759259259259259	0.0493827160493827	0.0493827160493827
6	0.111111111111111	0.0432098765432099	0.0	0.845679012345679
7	0.104938271604938	0.845679012345679	0.0493827160493827	0.0
8	0.938271604938272	0.0	0.0617283950617284	0.0
9	0.0493827160493827	0.345679012345679	0.0493827160493827	0.555555555555556
10	0.209876543209877	0.407407407407407	0.234567901234568	0.148148148148148
