Pos	A	C	G	T
1	0.181318681318681	0.0714285714285714	0.379120879120879	0.368131868131868
2	0.516483516483516	0.197802197802198	0.197802197802198	0.0879120879120879
3	0.0	0.296703296703297	0.0989010989010989	0.604395604395604
4	0.395604395604396	0.0989010989010989	0.395604395604396	0.10989010989011
5	0.505494505494505	0.0879120879120879	0.307692307692308	0.0989010989010989
6	0.0879120879120879	0.0	0.0	0.912087912087912
7	0.0	0.0	0.0	1.0
8	0.0989010989010989	0.0	0.0	0.901098901098901
9	1.0	0.0	0.0	0.0
10	0.0	0.0	0.0	1.0
11	0.0989010989010989	0.0	0.802197802197802	0.0989010989010989
12	0.417582417582418	0.175824175824176	0.0989010989010989	0.307692307692308
