Pos	A	C	G	T
1	0.0083955223880597	0.0083955223880597	0.0083955223880597	0.974813432835821
2	0.0335820895522388	0.0	0.966417910447761	0.0
3	0.895522388059702	0.0373134328358209	0.0335820895522388	0.0335820895522388
4	0.0708955223880597	0.906716417910448	0.0	0.0223880597014925
5	0.843283582089552	0.123134328358209	0.0335820895522388	0.0
6	0.0223880597014925	0.134328358208955	0.738805970149254	0.104477611940299
7	0.0671641791044776	0.134328358208955	0.235074626865672	0.563432835820896
8	0.0	0.0	0.0335820895522388	0.966417910447761
9	0.0335820895522388	0.0335820895522388	0.0335820895522388	0.899253731343284
10	0.361940298507463	0.0	0.0671641791044776	0.57089552238806
11	0.794776119402985	0.0671641791044776	0.0	0.138059701492537
12	0.0671641791044776	0.402985074626866	0.0335820895522388	0.496268656716418
13	0.205223880597015	0.0	0.604477611940298	0.190298507462687
14	0.541044776119403	0.100746268656716	0.358208955223881	0.0
