Pos	A	C	G	T
1	0.0588083480301008	0.303123662794555	0.169215299419751	0.468852689755593
2	0.0678175216474939	0.711344061395076	0.143207170813901	0.0776312461435512
3	0.934282776496481	0.00635616543558423	0.0541103127081473	0.00525074535983045
4	0.986237520056915	0.000607981041664578	0.0116621817992024	0.0014923171022676
5	0.00552710037876889	0.000442168030301512	0.988945799242512	0.00508493234846738
6	0.00243192416665831	0.00154758810605529	0.99380964757583	0.00221084015150756
7	0.0388555156627453	0.0401994977765189	0.0884468848630688	0.832498101697705
8	0.00187921412878142	0.876710705507759	0.0717592409392893	0.0496508394242137
9	0.927743320026668	0.00491911933710432	0.0608708531931146	0.0064667074431596
