Pos	A	C	G	T
1	0.356896551724138	0.170689655172414	0.370689655172414	0.101724137931034
2	0.206896551724138	0.0689655172413793	0.655172413793104	0.0689655172413793
3	0.862068965517242	0.0689655172413793	0.0	0.0689655172413793
4	0.137931034482759	0.862068965517242	0.0	0.0
5	0.0	1.0	0.0	0.0
6	1.0	0.0	0.0	0.0
7	0.0	1.0	0.0	0.0
8	0.0689655172413793	0.862068965517242	0.0689655172413793	0.0
9	0.0689655172413793	0.931034482758621	0.0	0.0
10	0.931034482758621	0.0	0.0689655172413793	0.0
11	0.301724137931034	0.294827586206897	0.301724137931034	0.101724137931034
