Pos	A	C	G	T
1	0.176108813817613	0.412268783169304	0.137382547222577	0.274239855790507
2	0.229788454312897	0.333688164610488	0.103753407030806	0.33276997404581
3	0.279830199417064	0.12317969809681	0.340535461424111	0.256454641062016
4	0.0984744164981348	0.135638972049443	0.666902293846038	0.0989843176063778
5	0.288342375791023	0.220012468972925	0.294307396020489	0.197337759215564
6	0.540916725996264	0.232373507447039	0.0839243549920653	0.142785411564629
7	0.0836551658652591	0.744776273540124	0.0596802742178189	0.111888286376791
8	0.45525568310862	0.0888212994406547	0.140733359038507	0.315189658412218
9	0.0892005412555249	0.298422771753421	0.315364507361423	0.297012179629632
10	0.247847356928332	0.194350717682288	0.189032400383929	0.368769525005453
11	0.303390609185887	0.386912935787576	0.117676399936903	0.192020055089634
12	0.0733166869531946	0.089094323594177	0.0276531686322925	0.809935820820329
13	0.0207559269764151	0.201955327905746	0.718841898544589	0.0584468465732433
14	0.027477407714542	0.0269600369055806	0.0121528332268244	0.933409722153047
15	0.0483665985505104	0.199448462995767	0.0689404652502013	0.683244473203516
16	0.0127454353796829	0.841138418280997	0.0196413615086874	0.126474784830623
17	0.00588279239805941	0.398101952054388	0.0106070950777748	0.585408160469775
18	0.0681686609450907	0.438446640275476	0.219357987040608	0.274026711738827
