Pos	A	C	G	T
1	0.0183708872555482	0.480490243001538	0.238821534322127	0.262317335420786
2	0.11022532353329	0.220450647066579	0.243946448165238	0.425377581234893
3	0.267801452384091	0.073483549022193	0.207204673654142	0.451510324939574
4	0.719311777323666	0.0	0.073483549022193	0.207204673654142
5	0.378026775917381	0.073483549022193	0.243946448165238	0.304543226895188
6	0.0367417745110965	0.11022532353329	0.853032901955614	0.0
7	0.0367417745110965	0.0367417745110965	0.0	0.926516450977807
8	0.963258225488903	0.0367417745110965	0.0	0.0
9	0.963258225488904	0.0367417745110965	0.0	0.0
10	0.88977467646671	0.0367417745110965	0.0367417745110965	0.0367417745110965
11	0.0367417745110965	0.682570002812569	0.243946448165238	0.0367417745110965
12	0.853032901955614	0.073483549022193	0.0367417745110965	0.0367417745110965
13	0.377847174357284	0.0971589516809492	0.170642500703142	0.354351373258625
14	0.438264351527137	0.073483549022193	0.11022532353329	0.378026775917381
15	0.192894316183257	0.119410767161064	0.568284149494616	0.119410767161064
