Pos	A	C	G	T
1	0.398148148148148	0.333333333333333	0.185185185185185	0.0833333333333333
2	0.333333333333333	0.259259259259259	0.324074074074074	0.0833333333333333
3	0.175925925925926	0.166666666666667	0.259259259259259	0.398148148148148
4	0.518518518518518	0.0648148148148148	0.333333333333333	0.0833333333333333
5	0.0	1.0	0.0	0.0
6	0.0	1.0	0.0	0.0
7	0.324074074074074	0.583333333333333	0.0925925925925926	0.0
8	0.166666666666667	0.0	0.657407407407407	0.175925925925926
9	0.0	1.0	0.0	0.0
10	1.0	0.0	0.0	0.0
11	0.0	0.0	0.175925925925926	0.824074074074074
12	0.166666666666667	0.240740740740741	0.342592592592593	0.25
13	0.416666666666667	0.0648148148148148	0.0833333333333333	0.435185185185185
14	0.25	0.0833333333333333	0.351851851851852	0.314814814814815
