Pos	A	C	G	T
1	0.531060606060606	0.190151515151515	0.176515151515151	0.102272727272727
2	0.986363636363637	0.0	0.0	0.0136363636363636
3	0.956060606060607	0.0	0.0136363636363636	0.0303030303030303
4	0.0	0.0	0.0136363636363636	0.986363636363637
5	0.0	1.0	0.0	0.0
6	0.916666666666668	0.0287878787878788	0.0136363636363636	0.0409090909090909
7	0.0545454545454546	0.642424242424243	0.287878787878788	0.0151515151515152
8	0.173484848484848	0.0272727272727273	0.262121212121212	0.537121212121212
9	0.171212121212121	0.0818181818181818	0.648484848484849	0.0984848484848485
10	0.11969696969697	0.740909090909092	0.0287878787878788	0.110606060606061
11	0.475757575757576	0.0787878787878788	0.127272727272727	0.318181818181818
