Pos	A	C	G	T
1	0.208386327914962	0.111114993783885	0.614643700275207	0.0658549780259469
2	0.0594916662758734	0.873352595386661	0.037131529614413	0.0300242087230523
3	0.019948498274864	0.905316671098019	0.0118307584139148	0.0629040722132029
4	0.431529768688103	0.514130209442642	0.0225092234950394	0.0318307983742157
5	0.00495273060617312	0.954378943222966	0.00256808253653421	0.0381002436343265
6	0.423864312070828	0.00618432064218976	0.426864465466513	0.14308690182047
7	0.00696974504118929	0.972054763517088	0.00499858922289695	0.0159769022188255
8	0.00238464806963891	0.974582815351593	0.00183434466895301	0.0211981919098149
9	0.00128404126826711	0.92435702860241	0.00146747573516241	0.0728914543941601
10	0.347447556127595	0.286232316032889	0.0257298716553433	0.340590256184172
