Pos	A	C	G	T
1	0.215099715099715	0.0641025641025641	0.659544159544159	0.0612535612535613
2	0.897435897435897	0.102564102564103	0.0	0.0
3	1.0	0.0	0.0	0.0
4	0.897435897435897	0.0256410256410256	0.0	0.0769230769230769
5	0.102564102564103	0.353276353276353	0.415954415954416	0.128205128205128
6	0.0227920227920228	0.401709401709402	0.153846153846154	0.421652421652422
7	0.245014245014245	0.0484330484330484	0.680911680911681	0.0256410256410256
8	0.923076923076923	0.0	0.0256410256410256	0.0512820512820513
9	0.794871794871795	0.205128205128205	0.0	0.0
10	0.669515669515669	0.0	0.0769230769230769	0.253561253561254
