Pos	A	C	G	T
1	0.314804195313336	0.0376716983780868	0.039628669722403	0.607895436586174
2	0.0176127420988458	0.00978485672158098	0.954989659080728	0.0176127420988458
3	0.228021944074325	0.671345518484921	0.0874229808666196	0.0132095565741343
4	0.0176127420988458	0.0	0.0	0.982387257901154
5	0.0	0.0810628239975919	0.837874352004816	0.0810628239975919
6	0.863314979480927	0.0693209959316947	0.0	0.0673640245873786
7	0.0591983831655649	0.670367032812762	0.146959120076733	0.123475463944939
8	0.221813273996828	0.100632537440754	0.358195320932841	0.319358867629577
9	0.139282721490999	0.277773226562858	0.413479761409773	0.16946429053637
