Pos	A	C	G	T
1	0.148044275278978	0.140635848846855	0.519029919377807	0.192289956496361
2	0.0185841884075388	0.0179197656488649	0.94975990668585	0.0137361392577461
3	0.00727207372468909	0.0246442498447797	0.928218569625688	0.0398651068048428
4	0.386484815311007	0.0105041064912176	0.603011078197775	0.0
5	0.779860210371597	0.0432637899357989	0.176370994572834	0.000505005119770076
6	0.939725453630922	0.0249826046001222	0.0352919417689554	0.0
7	0.133000337642456	0.0270026250792025	0.323939241224552	0.516057796053791
8	0.0236342396052395	0.582348452696207	0.0105041064912176	0.383513201207337
9	0.0364310719904063	0.924850184151725	0.00929209420376939	0.0294266496540988
10	0.0105041064912176	0.958857231567235	0.00363603686234454	0.0270026250792025
11	0.0683309832247567	0.835205457859428	0.0392426883260003	0.057220870589815
