Pos	A	C	G	T
1	0.170055452865065	0.166358595194085	0.523105360443623	0.140480591497227
2	0.467652495378928	0.103512014787431	0.347504621072089	0.0813308687615527
3	0.144177449168207	0.0591497227356747	0.767097966728281	0.0295748613678373
4	0.55452865064695	0.0	0.44547134935305	0.0
5	0.970425138632162	0.0	0.0295748613678373	0.0
6	0.922365988909427	0.0184842883548983	0.0295748613678373	0.0295748613678373
7	0.260628465804067	0.369685767097967	0.369685767097967	0.0
8	0.10720887245841	0.118299445471349	0.088724584103512	0.685767097966728
9	0.0	0.066543438077634	0.911275415896488	0.022181146025878
10	0.944547134935305	0.0	0.055452865064695	0.0
11	0.909426987060998	0.0462107208872458	0.044362292051756	0.0
12	0.876155268022181	0.0	0.077634011090573	0.0462107208872458
13	0.162661737523105	0.362292051756007	0.343807763401109	0.131238447319778
14	0.0295748613678373	0.365988909426987	0.11090573012939	0.493530499075785
15	0.355822550831793	0.126617375231054	0.407578558225508	0.109981515711645
