Pos	A	C	G	T
1	0.312680115273775	0.0513928914505283	0.613352545629202	0.0225744476464938
2	0.825168107588856	0.0230547550432277	0.139289145052834	0.0124879923150817
3	0.987512007684918	0.0	0.00768491834774256	0.0048030739673391
4	1.0	0.0	0.0	0.0
5	0.167146974063401	0.285302593659942	0.473583093179635	0.0739673390970221
6	0.160422670509126	0.25312199807877	0.0355427473583093	0.550912584053795
7	0.0297790585975024	0.0144092219020173	0.95581171950048	0.0
8	0.982708933717579	0.0	0.0172910662824208	0.0
9	0.988472622478386	0.0115273775216138	0.0	0.0
10	1.0	0.0	0.0	0.0
11	0.0845341018251681	0.356388088376561	0.417867435158502	0.141210374639769
12	0.115033621517771	0.292747358309318	0.0814121037463977	0.510806916426513
