Pos	A	C	G	T
1	0.177777777777778	0.0	0.377777777777778	0.444444444444444
2	0.777777777777778	0.0	0.222222222222222	0.0
3	1.0	0.0	0.0	0.0
4	1.0	0.0	0.0	0.0
5	0.0	0.0	0.822222222222223	0.177777777777778
6	0.177777777777778	0.0	0.822222222222223	0.0
7	0.622222222222222	0.0	0.377777777777778	0.0
8	1.0	0.0	0.0	0.0
9	1.0	0.0	0.0	0.0
10	0.377777777777778	0.0	0.622222222222222	0.0
11	0.0	1.0	0.0	0.0
12	0.222222222222222	0.422222222222222	0.177777777777778	0.177777777777778
13	0.8	0.0	0.2	0.0
14	1.0	0.0	0.0	0.0
15	1.0	0.0	0.0	0.0
16	0.644444444444444	0.0	0.0	0.355555555555556
17	0.0	0.422222222222222	0.577777777777778	0.0
18	0.444444444444444	0.0	0.0	0.555555555555556
19	0.0	0.0	0.822222222222223	0.177777777777778
20	0.688888888888889	0.222222222222222	0.0444444444444444	0.0444444444444444
