Pos	A	C	G	T
1	0.67011364015357	0.0629924211075414	0.228345964820765	0.0385479739181248
2	0.869078298752241	0.0	0.0770959478362496	0.0538257534115101
3	0.961452026081875	0.0	0.0385479739181248	0.0
4	0.0	0.0	0.943118690689813	0.0568813093101872
5	0.0385479739181248	0.0	0.930896467095105	0.0305555589867707
6	0.0244444471894166	0.153484845303176	0.0	0.822070707507408
7	0.0	0.909507575804365	0.0	0.090492424195635
8	1.0	0.0	0.0	0.0
9	0.184393929474608	0.43906564461879	0.309318196135707	0.0672222297708955
