Pos	A	C	G	T
1	0.0986806118285125	0.537513330536323	0.212683555661781	0.151122501973383
2	0.0233410697277371	0.163266312039314	0.082469795015269	0.730922823217682
3	0.0011487797030561	0.0861279848148263	0.862921005960085	0.0498022295220342
4	0.0833522006547017	0.834374818973792	0.0635998789005784	0.0186731014709287
5	0.0392122694838948	0.0226518019059035	0.90875150189803	0.0293844267121732
6	0.138329197629593	0.818052714947198	0.0189196688218285	0.0246984186013812
7	0.479900600204952	0.286205349325859	0.126753712761002	0.107140337708186
8	0.0191998589933056	0.0483707942551894	0.0409270333333347	0.891502313418172
9	0.0178113441864741	0.0985712976320049	0.876825548424918	0.00679180975660484
10	0.0356997785735057	0.848096076685351	0.0385466453194743	0.0776574994216705
11	0.0599743611903478	0.086812742673164	0.728900039327874	0.124312856808613
12	0.0322615359323275	0.665704216971361	0.0522254221594739	0.249808824936838
