Pos	A	C	G	T
1	0.5362157211873	0.159103645722488	0.131660747201744	0.173019885888467
2	0.0885153622239448	0.431036042817273	0.394817009472217	0.0856315854865644
3	0.00367176988749873	0.994235978626735	0.00124614798995162	0.000846103495814925
4	0.954418123372623	0.0246627619433992	0.0173478254558048	0.00357128922817332
5	0.0116144373321188	0.950690985326889	0.00415069639456378	0.0335438809464287
6	0.0730908464916199	0.016076079591555	0.90408490552512	0.00674816839170483
7	0.0202936930100461	0.0269609891532404	0.00620206582386749	0.946543252012847
8	0.00143208416328275	0.00095127951305274	0.981081916009134	0.0165347203145306
9	0.269510178190305	0.033968453394127	0.478059376801103	0.218461991614465
10	0.0450773151808829	0.569991770384804	0.108570394249649	0.276360520184663
11	0.146123670110632	0.369294178757368	0.102564304777109	0.382017846354891
