Pos	A	C	G	T
1	0.098605577689243	0.116533864541833	0.309760956175299	0.475099601593626
2	0.233067729083665	0.0	0.0677290836653386	0.699203187250996
3	0.0	0.322709163346614	0.103585657370518	0.573705179282869
4	1.0	0.0	0.0	0.0
5	1.0	0.0	0.0	0.0
6	0.0	0.0	1.0	0.0
7	0.0358565737051793	0.0	0.0	0.964143426294821
8	0.358565737051793	0.0358565737051793	0.605577689243028	0.0
9	0.0179282868525896	0.340637450199203	0.430278884462151	0.211155378486056
10	0.107569721115538	0.0358565737051793	0.0537848605577689	0.802788844621514
11	0.0896414342629482	0.0	0.0717131474103586	0.838645418326693
12	0.268924302788845	0.125498007968128	0.247011952191235	0.358565737051793
