Pos	A	C	G	T
1	0.239644819130792	0.382387473425197	0.254533960199604	0.123433747244407
2	0.437181689064006	0.138666501173592	0.401496025490404	0.0226557842719979
3	0.0630757630299941	0.0064363023499994	0.0898507808059916	0.840637153814015
4	0.0164769340159985	0.0834144784559922	0.856699361134409	0.0434092263936006
5	0.910406671288008	0.00823846700799923	0.0133875088879987	0.0679673528159936
6	0.0586990774319945	0.672921646401612	0.122861745947198	0.145517530219196
7	0.252216891353604	0.107414620307199	0.060915968785599	0.579452519553597
8	0.222195173848003	0.609316962457594	0.0537073101535997	0.114780553540803
9	0.721479914675212	0.0401625266639962	0.189799290387192	0.0485582682736001
10	0.0413496096416008	0.0422221434159961	0.902010929678404	0.0144173172639987
11	0.0545798439279949	0.848618168728014	0.0298644429039972	0.0669375444399937
12	0.772555606779602	0.110246593341199	0.0668373669475984	0.0503604329316
