Pos	A	C	G	T
1	0.342105263157895	0.131578947368421	0.0	0.526315789473684
2	0.131578947368421	0.447368421052632	0.105263157894737	0.315789473684211
3	1.0	0.0	0.0	0.0
4	0.789473684210526	0.105263157894737	0.0	0.105263157894737
5	0.105263157894737	0.894736842105263	0.0	0.0
6	0.210526315789474	0.447368421052632	0.131578947368421	0.210526315789474
7	0.0	0.0	0.368421052631579	0.631578947368421
8	0.0	0.342105263157895	0.526315789473684	0.131578947368421
9	0.0	0.447368421052632	0.210526315789474	0.342105263157895
10	0.631578947368421	0.157894736842105	0.0526315789473684	0.157894736842105
