Pos	A	C	G	T
1	0.475490196078431	0.0245098039215686	0.28921568627451	0.21078431372549
2	0.176470588235294	0.0	0.823529411764706	0.0
3	0.0882352941176471	0.274509803921569	0.637254901960784	0.0
4	0.450980392156863	0.0	0.186274509803922	0.362745098039216
5	0.186274509803922	0.725490196078431	0.0882352941176471	0.0
6	1.0	0.0	0.0	0.0
7	0.911764705882353	0.0	0.0882352941176471	0.0
8	0.715686274509804	0.0	0.284313725490196	0.0
9	0.0	0.0	1.0	0.0
10	0.176470588235294	0.0980392156862745	0.274509803921569	0.450980392156863
11	0.186274509803922	0.186274509803922	0.176470588235294	0.450980392156863
12	0.176470588235294	0.637254901960784	0.186274509803922	0.0
13	0.911764705882353	0.0	0.0882352941176471	0.0
14	0.274509803921569	0.274509803921569	0.186274509803922	0.264705882352941
15	0.186274509803922	0.284313725490196	0.176470588235294	0.352941176470588
16	0.186274509803922	0.0	0.362745098039216	0.450980392156863
17	0.264705882352941	0.0882352941176471	0.470588235294118	0.176470588235294
18	0.53921568627451	0.186274509803922	0.274509803921569	0.0
