Pos	A	C	G	T
1	0.165730337078652	0.278089887640449	0.165730337078652	0.390449438202247
2	0.0	0.0	0.224719101123596	0.775280898876405
3	0.0	0.112359550561798	0.0	0.887640449438202
4	0.101123595505618	0.337078651685393	0.561797752808989	0.0
5	0.898876404494382	0.0	0.0	0.101123595505618
6	0.224719101123596	0.0	0.0	0.775280898876405
7	0.213483146067416	0.0	0.0	0.786516853932584
8	0.438202247191011	0.0	0.449438202247191	0.112359550561798
9	1.0	0.0	0.0	0.0
10	0.112359550561798	0.112359550561798	0.112359550561798	0.662921348314607
11	0.224719101123596	0.0	0.449438202247191	0.325842696629214
12	0.213483146067416	0.449438202247191	0.337078651685393	0.0
13	0.112359550561798	0.438202247191011	0.337078651685393	0.112359550561798
14	0.168539325842697	0.49438202247191	0.168539325842697	0.168539325842697
