Pos	A	C	G	T
1	0.13013698630137	0.280821917808219	0.568493150684932	0.0205479452054795
2	0.0	0.383561643835616	0.0	0.616438356164384
3	0.0	0.0	1.0	0.0
4	0.0	0.0	1.0	0.0
5	1.0	0.0	0.0	0.0
6	0.726027397260274	0.0	0.273972602739726	0.0
7	1.0	0.0	0.0	0.0
8	0.917808219178082	0.0	0.0821917808219178	0.0
9	0.273972602739726	0.273972602739726	0.191780821917808	0.26027397260274
10	0.0821917808219178	0.273972602739726	0.0	0.643835616438356
11	0.232876712328767	0.493150684931507	0.0	0.273972602739726
12	0.0	1.0	0.0	0.0
13	0.493150684931507	0.397260273972603	0.0	0.10958904109589
14	0.10958904109589	0.0	0.205479452054795	0.684931506849315
15	0.143835616438356	0.0205479452054795	0.431506849315069	0.404109589041096
