Pos	A	C	G	T
1	0.128161454051867	0.448053442628805	0.105275260737252	0.318509842582076
2	0.00228758917388262	0.000702257209727759	0.00981267446747942	0.987197479148909
3	0.146946872998705	0.526858531104275	0.280705180822353	0.0454894150746675
4	0.0125213864667996	0.0187418508869218	0.968637653879158	9.91087671200119e-05
5	0.00195394577917558	0.992479793820799	0.00521136991367511	0.000354890486348535
6	0.620579972982016	0.00186608613338832	0.377553940884596	0.0
7	0.309062045521914	0.0	0.670016198663121	0.0209217558149671
8	0.0059604272890275	0.00352566679349276	0.883869198275805	0.106644707641674
9	0.892616274123476	0.10624800851831	0.000561764936805675	0.000573952421406448
10	0.409667926370492	0.0554454521401113	0.343047902418328	0.191838719071069
11	0.179567349051818	0.120408989291059	0.414863352399052	0.285160309258072
12	0.364440767206732	0.188519805621026	0.177897615219583	0.26914181195266
