Pos	A	C	G	T
1	0.455533402954895	0.189573011747371	0.235342616864053	0.119550968433679
2	0.625414918906389	0.0713244286219905	0.137991824939787	0.165268827531833
3	0.632665430844594	0.0578925446563674	0.1793085690784	0.130133455420638
4	0.583973525306774	0.0209879496403288	0.221578896783277	0.173459628269619
5	0.439161977265722	0.112376792815006	0.374126225157916	0.0743350047613547
6	0.643712014402591	0.0571156520325106	0.194336309544244	0.104836024020654
7	0.230921148617687	0.00110969147397301	0.760124141892079	0.00784501801626007
8	0.508468769979338	0.00133654645864055	0.489848022652475	0.000346660909545124
9	0.9974188268388	0.00258117316120117	0.0	0.0
10	0.997695391756928	0.000344684619210541	0.00110470178598863	0.000855221837873598
11	0.372972001950171	0.343463026439703	0.283241576623054	0.000323394987070196
12	0.248840373870774	0.0950714666644875	0.0944423020841567	0.561645857380581
13	0.171023041503006	0.0486724878617243	0.764043718453176	0.0162607521820921
14	0.890272760511235	0.0246680915651066	0.0691872620226259	0.0158718859010323
15	0.705977960391212	0.0195735222087509	0.273508599948456	0.000939917451581831
16	0.8849761858551	0.0506104319322708	0.0637182933051094	0.000695088907520045
