Pos	A	C	G	T
1	0.153614680200585	0.0307229360401169	0.0307229360401169	0.784939447719181
2	0.245783488320935	0.0	0.754216511679064	0.0
3	0.122891744160468	0.508433023358129	0.122891744160468	0.245783488320935
4	0.122891744160468	0.0	0.0	0.877108255839532
5	0.122891744160468	0.262649535037194	0.0	0.614458720802339
6	0.0	0.0	0.0	1.0
7	0.631324767518597	0.0	0.122891744160468	0.245783488320935
8	0.614458720802339	0.0	0.262649535037194	0.122891744160468
9	0.0	0.0	0.0	1.0
10	0.0307229360401169	0.0307229360401169	0.276506424361052	0.662047703558714
