Pos	A	C	G	T
1	0.236223073526348	0.408096620281275	0.174695740898888	0.180984565293485
2	0.48159625849783	0.243298597589414	0.125559875350049	0.149545268562705
3	0.613305941361496	0.0505911780903811	0.193175078221709	0.142927802326413
4	0.131917541637557	0.14198162464226	0.0212962943781789	0.704804539342005
5	0.0	0.0	1.0	0.0
6	0.0	0.0	1.0	0.0
7	0.999259352010423	0.0	0.000740647989580872	0.0
8	1.0	0.0	0.0	0.0
9	0.727335576772151	0.0752213031776161	0.0208895932993451	0.176553526750887
10	0.479401779165708	0.0641096640289207	0.0989797290576156	0.357508827747752
11	0.192071905650982	0.0389655610836226	0.0270484336340134	0.741914099631385
12	0.0955882267369056	0.199698717292686	0.0820145875032748	0.622698468467134
