Pos	A	C	G	T
1	0.204347826086957	0.117391304347826	0.117391304347826	0.560869565217391
2	0.0	0.0	0.0782608695652174	0.921739130434782
3	0.0782608695652174	0.0	0.173913043478261	0.747826086956522
4	0.784782608695652	0.0195652173913043	0.0195652173913043	0.176086956521739
5	0.0717391304347826	0.228260869565217	0.0195652173913043	0.680434782608696
6	0.0978260869565217	0.0195652173913043	0.228260869565217	0.654347826086956
7	0.645652173913043	0.0978260869565217	0.184782608695652	0.0717391304347826
8	0.0195652173913043	0.0717391304347826	0.63695652173913	0.271739130434783
9	0.443478260869565	0.0	0.478260869565217	0.0782608695652174
10	0.0	0.0	0.869565217391304	0.130434782608696
11	0.665217391304348	0.169565217391304	0.0391304347826087	0.126086956521739
