Pos	A	C	G	T
1	0.388888888888889	0.246031746031746	0.103174603174603	0.261904761904762
2	0.698412698412698	0.0	0.0	0.301587301587302
3	0.126984126984127	0.0	0.873015873015873	0.0
4	0.412698412698413	0.0	0.285714285714286	0.301587301587302
5	0.46031746031746	0.412698412698413	0.126984126984127	0.0
6	0.0	0.746031746031746	0.126984126984127	0.126984126984127
7	0.587301587301588	0.0	0.0	0.412698412698413
8	0.198412698412698	0.166666666666667	0.595238095238095	0.0396825396825397
9	0.166666666666667	0.198412698412698	0.595238095238095	0.0396825396825397
10	0.182539682539683	0.0396825396825397	0.0396825396825397	0.738095238095238
11	0.0	0.158730158730159	0.253968253968254	0.587301587301588
12	0.158730158730159	0.0	0.841269841269842	0.0
13	0.444444444444444	0.0	0.0	0.555555555555556
14	0.285714285714286	0.0	0.285714285714286	0.428571428571429
15	0.0	0.301587301587302	0.698412698412698	0.0
16	0.126984126984127	0.0	0.285714285714286	0.587301587301588
17	0.468253968253968	0.0396825396825397	0.325396825396825	0.166666666666667
