Pos	A	C	G	T
1	0.615853658536585	0.128048780487805	0.0304878048780488	0.225609756097561
2	0.0	0.0	0.841463414634146	0.158536585365854
3	0.0	0.0	0.902439024390244	0.0975609756097561
4	0.0	0.0975609756097561	0.902439024390244	0.0
5	0.548780487804878	0.0	0.353658536585366	0.0975609756097561
6	0.25609756097561	0.292682926829268	0.353658536585366	0.0975609756097561
7	0.707317073170732	0.0	0.0975609756097561	0.195121951219512
8	0.195121951219512	0.0975609756097561	0.0	0.707317073170732
9	0.0975609756097561	0.0	0.0	0.902439024390244
10	0.0	0.609756097560975	0.0	0.390243902439024
11	0.195121951219512	0.609756097560975	0.195121951219512	0.0
