Pos	A	C	G	T
1	0.498837209302326	0.0430232558139535	0.375581395348837	0.0825581395348837
2	0.455813953488372	0.0209302325581395	0.523255813953488	0.0
3	0.0	0.0209302325581395	0.955813953488372	0.0232558139534884
4	0.0232558139534884	0.0	0.872093023255814	0.104651162790698
5	0.0186046511627907	0.0627906976744186	0.0232558139534884	0.895348837209302
6	0.0209302325581395	0.825581395348837	0.130232558139535	0.0232558139534884
7	0.976744186046512	0.0	0.0232558139534884	0.0
8	0.395348837209302	0.190697674418605	0.197674418604651	0.216279069767442
9	0.0441860465116279	0.130232558139535	0.158139534883721	0.667441860465116
10	0.220930232558139	0.0232558139534884	0.732558139534884	0.0232558139534884
11	0.606976744186046	0.127906976744186	0.0837209302325581	0.181395348837209
12	0.0604651162790698	0.851162790697674	0.0209302325581395	0.0674418604651163
13	0.0232558139534884	0.888372093023256	0.0209302325581395	0.0674418604651163
14	0.086046511627907	0.111627906976744	0.106976744186047	0.695348837209302
