Pos	A	C	G	T
1	0.50139405204461	0.154739776951673	0.189126394052045	0.154739776951673
2	0.828066914498142	0.0687732342007435	0.0687732342007435	0.0343866171003717
3	0.785315985130112	0.0343866171003717	0.145910780669145	0.0343866171003717
4	0.0687732342007435	0.0687732342007435	0.724907063197026	0.137546468401487
5	0.0687732342007435	0.0	0.103159851301115	0.828066914498142
6	0.0687732342007435	0.896840148698885	0.0343866171003717	0.0
7	0.931226765799257	0.0	0.0343866171003717	0.0343866171003717
8	0.79368029739777	0.137546468401487	0.0687732342007435	0.0
9	0.965613382899629	0.0	0.0	0.0343866171003717
10	0.819702602230483	0.0	0.145910780669145	0.0343866171003717
11	0.24907063197026	0.0687732342007435	0.613382899628253	0.0687732342007435
12	0.0343866171003717	0.0687732342007435	0.20631970260223	0.690520446096654
13	0.137546468401487	0.690520446096654	0.103159851301115	0.0687732342007435
14	0.733503717472119	0.14614312267658	0.0773698884758364	0.0429832713754647
