Pos	A	C	G	T
1	0.291502086093318	0.329507862967123	0.0506935173795574	0.328296533560001
2	0.0	0.0	0.0	1.0
3	0.974653241310221	0.0	0.0	0.0253467586897787
4	0.974653241310221	0.0253467586897787	0.0	0.0
5	0.0253467586897787	0.0253467586897787	0.0253467586897787	0.923959723930664
6	0.0253467586897787	0.0	0.101387034759115	0.873266206551107
7	0.366273588112079	0.0	0.633726411887921	0.0
8	0.188846277283628	0.304189826599071	0.44358263823199	0.0633812578853101
9	0.0823913269026442	0.271237604186273	0.171090621156006	0.475280447755077
