Pos	A	C	G	T
1	0.479295591761013	0.0843370036557502	0.387658521174875	0.0487088834083633
2	0.198438344420292	0.0429397961849439	0.687020800177778	0.0716010592169855
3	0.0973299060738966	0.119714191820318	0.70057827789325	0.0823776242125356
4	0.101480024593961	0.103832864644686	0.223793421812108	0.570893688949245
5	0.123270744664947	0.643551403635343	0.162731459603245	0.070446392096465
6	0.81137880860416	0.050869137984962	0.128610628824984	0.0091414245858936
7	0.567935676977789	0.0591177442581574	0.360788149537076	0.0121584292269792
8	0.857375800990801	0.00406415823687881	0.106244981397634	0.0323150593746846
9	0.0482469286828089	0.0131762683519351	0.888609701133717	0.0499671018315398
10	0.030177488858717	0.0405378290658639	0.814331685987164	0.114952996088255
11	0.0619725294445881	0.106893336947389	0.21504388189171	0.616090251716314
12	0.141138542476971	0.719768458897242	0.100492916703591	0.0386000819221948
13	0.792547757841618	0.0324900565912116	0.122367092296927	0.0525950932702433
