Pos	A	C	G	T
1	0.0737704918032787	0.647540983606557	0.204918032786885	0.0737704918032787
2	0.0	0.295081967213115	0.0	0.704918032786885
3	0.59016393442623	0.114754098360656	0.0	0.295081967213115
4	1.0	0.0	0.0	0.0
5	0.0	0.0	0.0	1.0
6	0.0	0.0	0.0	1.0
7	0.557377049180328	0.0	0.442622950819672	0.0
8	0.573770491803279	0.278688524590164	0.0	0.147540983606557
9	0.852459016393443	0.0	0.0	0.147540983606557
10	0.40983606557377	0.278688524590164	0.0	0.311475409836066
11	0.147540983606557	0.278688524590164	0.426229508196721	0.147540983606557
12	0.131147540983607	0.295081967213115	0.114754098360656	0.459016393442623
13	0.315573770491803	0.0368852459016393	0.463114754098361	0.184426229508197
