Pos	A	C	G	T
1	0.137638497692355	0.271997627538659	0.413266149084464	0.177097725684522
2	0.239741263522523	0.0387383405018995	0.706259837596042	0.0152605583795362
3	0.880263311175948	0.0223038930162452	0.0880416829588625	0.00939111284894533
4	0.946454102734416	0.0	0.0105650019550635	0.0429808953105214
5	0.994717499022469	0.0	0.0	0.00528250097753175
6	0.205111534892037	0.116215021505698	0.637587324888129	0.0410861187141358
7	0.0451947305855494	0.368817892391295	0.0387383405018995	0.547249036521256
8	0.0446077860324903	0.0	0.95539221396751	0.0
9	0.984152497067405	0.0	0.0158475029325952	0.0
10	0.982391663408228	0.0117388910611817	0.0	0.00586944553059083
11	0.975348328771519	0.0129127801672998	0.0	0.0117388910611817
12	0.0528250097753175	0.338296775632223	0.543140424649842	0.0657377899426173
13	0.0692594572609718	0.398886007534517	0.15815597064731	0.373698564557202
14	0.35401033562761	0.175177362686023	0.320286610228825	0.150525691457542
