Pos	A	C	G	T
1	0.209681107525317	0.244275322532844	0.144606069424665	0.401437500517173
2	0.0	0.0	1.0	0.0
3	0.0	0.0	1.0	0.0
4	0.990280114623642	0.00971988537636297	0.0	0.0
5	1.0	0.0	0.0	0.0
6	0.665183174684751	0.0639115387165575	0.0	0.27090528659869
7	0.324133001260781	0.0533725134106322	0.158891513967182	0.463602971361404
8	0.012959847168484	0.0	0.00971988537636297	0.977320267455157
9	0.0109593678231887	0.128985993577609	0.012959847168484	0.847094791430719
10	0.0239192149916727	0.845298759063263	0.0	0.130782025945069
11	0.149105354991195	0.738992498030498	0.0932023436677902	0.0186998033105187
12	0.541035695737325	0.00619741223412855	0.186748562680075	0.26601832934847
13	0.150863121359146	0.132060159307352	0.0850163657826825	0.63206035355082
