Pos	A	C	G	T
1	0.440247252747253	0.344093406593407	0.110576923076923	0.105082417582418
2	0.134615384615385	0.0659340659340659	0.79945054945055	0.0
3	0.0934065934065934	0.0274725274725275	0.379120879120879	0.5
4	0.214285714285714	0.17032967032967	0.596153846153846	0.0192307692307692
5	0.217032967032967	0.541208791208791	0.043956043956044	0.197802197802198
6	0.0851648351648352	0.846153846153846	0.0247252747252747	0.043956043956044
7	0.0	0.0	1.0	0.0
8	0.0961538461538462	0.0247252747252747	0.129120879120879	0.75
9	0.0	0.0274725274725275	0.972527472527473	0.0
10	0.0	0.326923076923077	0.0	0.673076923076923
11	0.0	0.0	1.0	0.0
12	0.0	0.975274725274726	0.0	0.0247252747252747
13	1.0	0.0	0.0	0.0
14	0.532967032967033	0.123626373626374	0.178571428571429	0.164835164835165
15	0.631868131868132	0.271978021978022	0.0521978021978022	0.043956043956044
16	0.409340659340659	0.104395604395604	0.293956043956044	0.192307692307692
17	0.119505494505495	0.435439560439561	0.311813186813187	0.133241758241758
