Pos	A	C	G	T
1	0.218934911242604	0.112426035502959	0.615384615384615	0.0532544378698225
2	0.0532544378698225	0.331360946745562	0.443786982248521	0.171597633136095
3	0.106508875739645	0.556213017751479	0.0532544378698225	0.284023668639053
4	0.266272189349112	0.449704142011834	0.224852071005917	0.0591715976331361
5	0.674556213017752	0.0	0.325443786982249	0.0
6	0.230769230769231	0.159763313609467	0.550295857988166	0.0591715976331361
7	0.946745562130178	0.0	0.0532544378698225	0.0
8	0.0	0.0	1.0	0.0
9	0.0	0.0	0.775147928994083	0.224852071005917
10	0.0	0.0	0.0	1.0
11	0.0	1.0	0.0	0.0
12	0.940828402366864	0.0	0.0	0.0591715976331361
13	0.0931952662721894	0.264792899408284	0.377218934911243	0.264792899408284
