Pos	A	C	G	T
1	0.352409638554217	0.376506024096386	0.219879518072289	0.0512048192771084
2	0.0	0.879518072289157	0.120481927710843	0.0
3	1.0	0.0	0.0	0.0
4	0.0	0.903614457831325	0.0	0.0963855421686747
5	0.0963855421686747	0.216867469879518	0.686746987951807	0.0
6	0.313253012048193	0.27710843373494	0.325301204819277	0.0843373493975904
7	0.0963855421686747	0.421686746987952	0.385542168674699	0.0963855421686747
8	0.228915662650602	0.0	0.590361445783133	0.180722891566265
9	0.0963855421686747	0.0	0.481927710843374	0.421686746987952
10	0.0	0.072289156626506	0.301204819277108	0.626506024096386
11	0.072289156626506	0.0	0.710843373493976	0.216867469879518
12	0.0	0.313253012048193	0.253012048192771	0.433734939759036
13	0.0	1.0	0.0	0.0
14	0.566265060240964	0.313253012048193	0.0	0.120481927710843
15	0.0	0.795180722891566	0.120481927710843	0.0843373493975904
16	0.493975903614458	0.120481927710843	0.385542168674699	0.0
17	0.072289156626506	0.0	0.0	0.927710843373494
18	0.0	0.0	0.879518072289157	0.120481927710843
19	0.0512048192771084	0.653614457831325	0.243975903614458	0.0512048192771084
