Pos	A	C	G	T
1	0.399690716208593	0.135588692055988	0.198972125025351	0.265748466710068
2	0.448066647232555	0.153399489386795	0.213195230576259	0.185338632804391
3	0.299823642414647	0.163422915995903	0.116498644464858	0.420254797124592
4	0.269458555922347	0.070508804728948	0.0524755863653334	0.607557052983371
5	0.154039114516956	0.0112026532690038	0.0781737780182664	0.756584454195772
6	0.0318391198171686	0.0159195599085843	0.922760653776868	0.0294806664973783
7	0.850727803922836	0.0504619515107307	0.079942618008109	0.0188676265583221
8	0.142541654582979	0.0512963597054383	0.0	0.806161985711582
9	0.0336079598070113	0.0551788581503113	0.154233897581502	0.756979284461174
10	0.0719328262536031	0.0112026532690038	0.873822747391219	0.0430417730861723
11	0.854020689037762	0.013561106588794	0.0929141112669555	0.0395040931064869
12	0.0484956963881873	0.0871653812999667	0.0266800031801274	0.837658919131717
13	0.131141586181274	0.132615619506143	0.492040220045708	0.244202574266875
14	0.254963017538418	0.0817114579979517	0.353773262104849	0.309552262358781
15	0.148560185314834	0.209929983429595	0.398511489548698	0.242998341706873
