Pos	A	C	G	T
1	0.154109589041096	0.154109589041096	0.537671232876712	0.154109589041096
2	0.753424657534247	0.246575342465753	0.0	0.0
3	0.246575342465753	0.0	0.63013698630137	0.123287671232877
4	0.876712328767123	0.0	0.123287671232877	0.0
5	0.876712328767123	0.0	0.123287671232877	0.0
6	0.0	1.0	0.0	0.0
7	0.876712328767123	0.0	0.123287671232877	0.0
8	0.876712328767123	0.0	0.123287671232877	0.0
9	0.753424657534247	0.0	0.123287671232877	0.123287671232877
10	0.123287671232877	0.0	0.876712328767123	0.0
11	0.123287671232877	0.506849315068493	0.36986301369863	0.0
12	0.0308219178082192	0.0308219178082192	0.784246575342466	0.154109589041096
