Pos	A	C	G	T
1	0.231684981684982	0.162087912087912	0.407509157509158	0.198717948717949
2	0.41025641025641	0.117216117216117	0.311355311355311	0.161172161172161
3	0.21978021978022	0.0293040293040293	0.556776556776557	0.194139194139194
4	0.0586080586080586	0.0293040293040293	0.494505494505495	0.417582417582418
5	0.19047619047619	0.124542124542125	0.58974358974359	0.0952380952380952
6	0.223443223443223	0.0989010989010989	0.677655677655678	0.0
7	0.0	0.0	1.0	0.0
8	0.0	0.131868131868132	0.868131868131868	0.0
9	0.0915750915750916	0.619047619047619	0.289377289377289	0.0
10	0.0659340659340659	0.0659340659340659	0.868131868131868	0.0
11	0.0	0.124542124542125	0.721611721611721	0.153846153846154
12	0.443223443223443	0.0	0.494505494505495	0.0622710622710623
13	0.362637362637363	0.164835164835165	0.472527472527473	0.0
14	0.157509157509158	0.43956043956044	0.205128205128205	0.197802197802198
15	0.0952380952380952	0.205128205128205	0.208791208791209	0.490842490842491
16	0.641025641025641	0.0586080586080586	0.234432234432234	0.0659340659340659
17	0.527472527472527	0.153846153846154	0.186813186813187	0.131868131868132
