Pos	A	C	G	T
1	0.555306002138331	0.160420567264571	0.153768892338041	0.130504538259056
2	0.93589171992877	0.041318431877992	0.0174424527300517	0.00534739546318771
3	0.00267369773159386	0.997326302268408	0.0	0.0
4	0.0	1.0	0.0	0.0
5	0.559421874035027	0.0466583485653226	0.385198551034623	0.00872122636502587
6	0.00872122636502587	0.985231245001544	0.00267369773159386	0.00337383090183815
7	0.940569214965224	0.0138813213918092	0.00872122636502587	0.0368282372779425
8	0.806282372221674	0.0631140190146995	0.078433318266365	0.0521702904972614
9	0.815233144006989	0.0820246823481181	0.0227212886016349	0.080020885043258
10	0.472885876909538	0.474500115789875	0.0271504613757524	0.0254635459248333
11	0.308998575493407	0.659203700837896	0.0264503282055081	0.00534739546318771
12	0.262570786180738	0.557997741049063	0.171410379575416	0.00802109319478157
13	0.213593948585857	0.690500047674215	0.0748030709976069	0.0211029327423204
14	0.355879572522081	0.345962025955591	0.198067286014739	0.100091115507589
