Pos	A	C	G	T
1	0.11965811965812	0.11965811965812	0.512820512820513	0.247863247863248
2	0.153846153846154	0.0769230769230769	0.649572649572649	0.11965811965812
3	0.0769230769230769	0.0	0.726495726495726	0.196581196581197
4	0.384615384615385	0.0	0.615384615384615	0.0
5	0.0769230769230769	0.923076923076923	0.0	0.0
6	1.0	0.0	0.0	0.0
7	0.273504273504273	0.0854700854700855	0.324786324786325	0.316239316239316
8	0.0	0.0854700854700855	0.914529914529914	0.0
9	0.0	0.435897435897436	0.0	0.564102564102564
10	0.0	0.564102564102564	0.0427350427350427	0.393162393162393
11	0.0769230769230769	0.316239316239316	0.196581196581197	0.41025641025641
12	0.128205128205128	0.213675213675214	0.367521367521367	0.290598290598291
