Pos	A	C	G	T
1	0.0843729845419837	0.309367609987274	0.0281243281806612	0.578135077290082
2	0.514062164090331	0.140621640903306	0.22499462544529	0.120321569561073
3	0.0	0.196870297264629	0.0	0.803129702735371
4	0.0	0.0	0.0	1.0
5	1.0	0.0	0.0	0.0
6	1.0	0.0	0.0	0.0
7	0.0	0.0	0.0	1.0
8	0.0	0.0	0.73905678953562	0.26094321046438
9	0.851554102258265	0.0	0.0921972413804122	0.0562486563613225
10	0.0	0.106259405470743	0.674983876335869	0.218756718193388
11	0.120321569561073	0.44998925089058	0.0562486563613225	0.373440523187024
12	0.148445897741735	0.168745969083967	0.148445897741735	0.534362235432563
13	0.0843729845419837	0.0843729845419837	0.421864922709918	0.409389108206114
