Pos	A	C	G	T
1	0.18147213365291	0.189031854875995	0.531391347165599	0.0981046643054972
2	0.219903189810884	0.174066938027843	0.470637156591759	0.135392715569513
3	0.164294054001353	0.140468800565669	0.593856387547165	0.101380757885812
4	0.259822760736749	0.199951886131023	0.444652706840381	0.0955726462918471
5	0.358169439728574	0.177804503966803	0.318887792346134	0.145138263958489
6	0.213267603270761	0.126056549598072	0.582908417149399	0.077767429981769
7	0.107829207670134	0.0217977711701188	0.729761368172783	0.140611652986964
8	0.162126601055878	0.00477297014636341	0.826839108264843	0.00626132053291509
9	0.00302979470028124	0.00461081060047262	0.988480384291995	0.00387901040724897
10	0.00655048673834988	0.0115503435698849	0.980940344890351	0.000958824801412546
11	0.182833693974781	0.647582503097021	0.0212188041355128	0.148364998792684
12	0.0173816052948199	0.00967066852889505	0.939935712864713	0.0330120133115697
13	0.0149353633145624	0.0148338261261173	0.929079847054853	0.0411509635044652
14	0.164366770342406	0.0500917348237176	0.744770183514823	0.0407713113190531
15	0.0847651182826113	0.0704910309236733	0.798307244594383	0.0464366061993316
16	0.147300407725451	0.548945307703352	0.191357536677913	0.112396747893285
17	0.0951852222656407	0.432671225559718	0.261796048808781	0.210347503365861
18	0.269347207826342	0.156968073105637	0.37134851935059	0.202336199717432
19	0.206948308776378	0.225022360322342	0.474493812582817	0.0935355183184623
