Pos	A	C	G	T
1	0.21448087431694	0.165300546448087	0.586065573770492	0.0341530054644809
2	0.0437158469945355	0.300546448087432	0.612021857923497	0.0437158469945355
3	0.256830601092896	0.0	0.562841530054645	0.180327868852459
4	0.163934426229508	0.131147540983607	0.480874316939891	0.224043715846995
5	0.087431693989071	0.617486338797814	0.295081967213115	0.0
6	0.0437158469945355	0.704918032786885	0.207650273224044	0.0437158469945355
7	0.53551912568306	0.12568306010929	0.33879781420765	0.0
8	0.0437158469945355	0.174863387978142	0.601092896174863	0.180327868852459
9	0.0	0.087431693989071	0.748633879781421	0.163934426229508
10	0.0	0.087431693989071	0.781420765027322	0.131147540983607
11	0.0437158469945355	0.169398907103825	0.743169398907104	0.0437158469945355
12	0.087431693989071	0.311475409836066	0.601092896174863	0.0
13	0.0	0.0491803278688525	0.950819672131148	0.0
14	0.0437158469945355	0.087431693989071	0.819672131147541	0.0491803278688525
15	0.0437158469945355	0.218579234972678	0.693989071038251	0.0437158469945355
16	0.0	0.0437158469945355	0.956284153005465	0.0
17	0.0765027322404372	0.480874316939891	0.442622950819672	0.0
18	0.0	0.0437158469945355	0.863387978142077	0.092896174863388
19	0.092896174863388	0.262295081967213	0.644808743169399	0.0
20	0.169398907103825	0.306010928961749	0.480874316939891	0.0437158469945355
21	0.0	0.360655737704918	0.639344262295082	0.0
22	0.131147540983607	0.46448087431694	0.26775956284153	0.136612021857924
23	0.0	0.60655737704918	0.349726775956284	0.0437158469945355
24	0.236338797814208	0.219945355191257	0.487704918032787	0.0560109289617486
