Pos	A	C	G	T
1	0.514787841582316	0.197995323685506	0.136214496574931	0.151002338157247
2	0.334209820260437	0.665790179739563	0.0	0.0
3	0.111403273420146	0.856391582633911	0.0322051439459431	0.0
4	0.269799532368551	0.665790179739563	0.0	0.0644102878918862
5	0.0	0.935589712108114	0.0644102878918862	0.0
6	0.651002338157247	0.31679251789681	0.0322051439459431	0.0
7	0.744988309213766	0.158396258948405	0.0322051439459431	0.0644102878918862
8	0.730200467631449	0.237594388422608	0.0322051439459431	0.0
9	0.348997661842753	0.475188776845215	0.0966154318378293	0.0791981294742025
10	0.0322051439459431	0.935589712108114	0.0	0.0322051439459431
11	0.935589712108114	0.0644102878918862	0.0	0.0
12	0.31679251789681	0.586592050265361	0.0966154318378293	0.0
13	0.0791981294742025	0.888596726579854	0.0322051439459431	0.0
14	0.302004676314494	0.665790179739563	0.0322051439459431	0.0
15	0.348997661842753	0.507393920791158	0.143608417366089	0.0
16	0.190601402894348	0.777193453159709	0.0322051439459431	0.0
17	0.381202805788696	0.428195791316956	0.0322051439459431	0.158396258948405
18	0.348997661842753	0.460400935262899	0.111403273420146	0.0791981294742025
19	0.348997661842753	0.571804208683044	0.0	0.0791981294742025
20	0.111403273420146	0.618797194211304	0.269799532368551	0.0
21	0.348997661842753	0.413407949734639	0.158396258948405	0.0791981294742025
22	0.230200467631449	0.388596726579854	0.118797194211304	0.262405611577392
