Pos	A	C	G	T
1	0.131106379403717	0.460882827776274	0.14916263142795	0.258848161392058
2	0.094549010886435	0.575326073893611	0.059509220920738	0.270615694299219
3	0.414659208819168	0.0598523180032317	0.0322518228284866	0.493236650349113
4	0.00600541231143639	0.0661522671549966	0.0296688361897456	0.89817348434384
5	0.0351520387349701	0.0274828766405678	0.0823612679574111	0.855003816667068
6	0.126595853216452	0.221386684303943	0.585445475807636	0.0665719866719738
7	0.293104146203551	0.0491804497531112	0.0501428770861471	0.607572526957196
8	0.213897615903029	0.246299508213146	0.108543008937583	0.43125986694624
9	0.882568685507024	0.0161885027525677	0.0125330343890846	0.0887097773513413
10	0.0261158580754973	0.0026110488310593	0.00574430742833046	0.965528785665133
11	0.0052220976621186	0.0322237606361684	0.901092003922602	0.0614621377791282
12	0.007441489168519	0.766082475684551	0.0775815822396836	0.148894452907258
13	0.792830597917966	0.00887756602560162	0.0167107125187795	0.181581123537665
14	0.637300662918914	0.0594887228708911	0.206798242807234	0.096412371402966
15	0.830055366423073	0.0641659183393839	0.0635563466088799	0.0422223686286772
16	0.137070305110575	0.0942081081815083	0.116294163231373	0.652427423476548
