Pos	A	C	G	T
1	0.392906502068139	0.0262370388528904	0.241952926193749	0.338903532885222
2	0.574864415604289	0.0698092848251219	0.0946654268962812	0.260660872674308
3	0.733199089155606	0.0340621206160331	0.0401940013656067	0.192544788862755
4	0.909781410260237	0.0349827184705205	0.0	0.0552358712692429
5	0.0165707613807729	0.910093714492076	0.0733355241271524	0.0
6	0.870203859937793	0.0302235770821645	0.00460298927243691	0.0949695737076059
7	0.876187745991961	0.0412707513360131	0.00460298927243691	0.0779385133995893
8	0.552169930894456	0.044492843826719	0.0366677620635762	0.366669463215249
9	0.469303887859822	0.140995387721718	0.285373098760318	0.104327625658142
