Pos	A	C	G	T
1	0.325721599388376	0.0626557671135846	0.541766378683566	0.0698562548144725
2	0.729927123365338	0.0258255740693641	0.204807164615871	0.0394401379494302
3	0.858562970044563	0.0626633004118181	0.0597211354920329	0.0190525940515891
4	0.988305757856042	0.00441756408381967	0.00594799208054425	0.00132868597959641
5	0.00672436009760366	0.00235148558060752	0.97842698636646	0.0124971679553311
6	0.0289749030782797	0.064078798733812	0.264080433637225	0.642865864550685
7	0.00946492739209792	0.00256570981676401	0.983274997483917	0.0046943653072232
8	0.994266868343369	0.00343455416487372	0.00136911184941562	0.000929465642344387
9	0.982235008954925	0.00349439629147517	0.0135164563139546	0.000754138439648373
10	0.987876045482309	0.006539020601587	0.00356468648410937	0.00202024743199774
11	0.00402107860721324	0.0246149095562894	0.89873658027757	0.0726274315589298
12	0.0350737450758917	0.0547434552896576	0.202087151266405	0.708095648368047
13	0.307562817516924	0.0499213581797408	0.540698965394879	0.101816858908456
14	0.383263227954366	0.269381541347956	0.204342461204265	0.143012769493412
