Pos	A	C	G	T
1	0.130130063924441	0.0980561116276751	0.222174825751988	0.549638998695897
2	0.031248282716643	0.163991350511696	0.0986891243460936	0.706071242425611
3	0.0428415656270462	0.86545098101452	0.0294884372926689	0.0622190160658605
4	0.909240933877419	0.0203553196677542	0.0503477529906885	0.0200559934642447
5	0.0203368955100975	0.0219895666683376	0.950150013436899	0.00752352438477948
6	0.0796116070161248	0.670623635917237	0.158863401004959	0.090901356061709
7	0.966185545796476	0.010175084260165	0.011565327488936	0.0120740424545394
8	0.00554773217447231	0.965883795457066	0.018356988489934	0.0102114838786463
9	0.0186697582748826	0.920626922625672	0.0165869750145289	0.0441163440850222
10	0.543714945541546	0.122185891706605	0.136368690280764	0.197730472471079
11	0.145871675194833	0.269215308662152	0.0926049630870954	0.492308053055892
12	0.0319695193366532	0.00591636444995778	0.956199069221539	0.00591504699196725
13	0.026955083871482	0.00703466924287222	0.959954067202955	0.00605617968281027
14	0.854349758951041	0.0775528301204931	0.0329607770659002	0.0351366338626549
15	0.0172725487905027	0.80635321291304	0.136259341960807	0.0401148963357236
16	0.957090278889513	0.00815844098395211	0.0172011506283276	0.0175501294983221
17	0.0322202113401625	0.0325849817334234	0.917344446100059	0.0178503608264649
18	0.126204867870892	0.624623025635618	0.120944305720964	0.128227800772541
19	0.225638472913103	0.0252255237025485	0.459250737767429	0.289885265616886
20	0.108973413276793	0.593852078486941	0.204672751233236	0.0925017570030358
21	0.121864141822601	0.705636264152018	0.0306754156410501	0.141824178384372
22	0.27442610286491	0.384344275202591	0.143097298511682	0.198132323420787
