Pos	A	C	G	T
1	0.195675252024446	0.127024712353716	0.594972781118659	0.0823272545031782
2	0.0859609910087678	0.0297373498498247	0.74925493453131	0.135046724610103
3	0.169546453993578	0.0122201294362227	0.815547715447705	0.0026857011225058
4	0.00202687934786389	0.0129823446249707	0.984013556380067	0.000977219647115007
5	0.0261731121689194	0.00549026567471491	0.967036296075528	0.00130032608085353
6	0.231954169092354	0.644070946496345	0.0175734324911993	0.106401451920105
7	0.0345590867402094	0.012163688473574	0.929342442611562	0.0239347821746695
8	0.00393425000415257	0.0102785200955518	0.955212182803463	0.0305750470968477
9	0.159981039237915	0.0258003228552273	0.772462230294938	0.0417564076119283
10	0.0756763774668213	0.0730130998354878	0.801707275492316	0.0496032472053819
11	0.148899789272706	0.537437604468227	0.187619853034018	0.126042753225049
