Pos	A	C	G	T
1	0.261512757420316	0.0864620676359639	0.286666644755106	0.365358530188613
2	0.00980939032495941	0.937169240690664	0.0333250686566394	0.0196963003277376
3	0.00975738677506759	0.956867073760502	0.00214536163771753	0.0312301778267127
4	0.52912468806866	0.0274960493498106	0.00737881196998224	0.436000450611547
5	0.165426494534083	0.0115215473396457	0.0296471287712958	0.793404829354976
6	0.785896716273982	0.00933372528716424	0.0561210161214564	0.148648542317398
7	0.10299869206803	0.0285868436649839	0.0254208756458295	0.842993588621156
8	0.68646617152981	0.035223606258949	0.0267037129960343	0.251606509215208
9	0.330049024673384	0.0260765935754886	0.058908516916309	0.584965864834817
10	0.0535113801006214	0.00225187366787379	0.937784733583422	0.00645201264808213
11	0.0261630394076166	0.00451578494464645	0.952907849441565	0.0164133262061723
12	0.176573269929014	0.179334980100997	0.495027892827368	0.14906385714262
13	0.283693092752397	0.568328658902113	0.0810214098210729	0.0669568385244157
14	0.709652801816167	0.0293938825743865	0.122500409210258	0.138452906399189
15	0.14702753694017	0.122679267273805	0.206927574363183	0.523365621422842
