Pos	A	C	G	T
1	0.365919935753957	0.18662824831701	0.300348232037956	0.147103583891061
2	0.490971329728999	0.101623392339773	0.349688074915934	0.0577172030152832
3	0.679358716125416	0.0382358505002828	0.154538338446362	0.127867094927939
4	0.762585380091821	0.0189918725876928	0.119289554988096	0.0991331923323834
5	0.651905592744106	0.00455112238228022	0.146481266913996	0.19706201795962
6	0.108062331139591	0.0957465024788492	0.786698274830063	0.00949289155149227
7	0.695925065839848	0.0925452239017681	0.210282246435206	0.00124746382317195
8	0.123668715634294	0.0	0.875400456757314	0.00093082760837205
9	0.00477328297725211	0.00138968597987666	0.993528211936202	0.000308819106639257
10	0.995993511377836	0.0	0.00308003130221639	0.000926457319917772
11	0.981090605397123	0.0	0.0122451505053964	0.00666424409745184
12	0.0781965674177889	0.18771279314947	0.731598542960267	0.00249209647246948
13	0.0610505176300051	0.049019046480459	0.0556859802420157	0.834244455647499
14	0.106409216038354	0.0448329780617208	0.802580679667107	0.0461771262328017
15	0.554690003857888	0.0904158546210015	0.298175788109034	0.0567183534120753
16	0.445607616071796	0.131922763380245	0.327610267764175	0.0948593527837744
17	0.559793190476677	0.125191861749649	0.183678690766774	0.1313362570069
