Pos	A	C	G	T
1	0.463325151557743	0.19524170641665	0.207935275719499	0.133497866306109
2	0.52370935100719	0.109942428417211	0.293234553718937	0.0731136668566617
3	0.853772666286677	0.0	0.0731136668566617	0.0731136668566617
4	0.926886333143338	0.0	0.0	0.0731136668566617
5	0.718679129291621	0.0	0.0	0.281320870708379
6	0.121856111427769	0.330063315279487	0.52370935100719	0.0243712222855539
7	0.501205727542802	0.304368350437205	0.170054699734439	0.0243712222855539
8	0.0601122713172279	0.0	0.939887728682772	0.0
9	0.0124575392749959	0.0	0.987542460725004	0.0
10	1.0	0.0	0.0	0.0
11	1.0	0.0	0.0	0.0
12	0.0645862967970716	0.320448232691021	0.575294252264827	0.0396712182470798
