Pos	A	C	G	T
1	0.280673181324647	0.144951140065147	0.116720955483171	0.457654723127036
2	0.511400651465798	0.0912052117263844	0.216069489685125	0.181324647122693
3	0.868621064060804	0.0857763300760044	0.0162866449511401	0.0293159609120521
4	0.0	0.990228013029317	0.0	0.00977198697068404
5	0.0	0.993485342019545	0.0	0.00651465798045603
6	0.728555917480999	0.0401737242128122	0.218241042345277	0.0130293159609121
7	0.0195439739413681	0.903365906623236	0.0380021715526602	0.0390879478827362
8	0.912052117263844	0.0	0.00977198697068404	0.0781758957654724
9	0.358306188925082	0.144408251900109	0.357220412595006	0.140065146579805
10	0.463626492942454	0.142236699239957	0.114006514657981	0.280130293159609
