Pos	A	C	G	T
1	0.168539325842697	0.382022471910112	0.0561797752808989	0.393258426966292
2	0.0	0.337078651685393	0.224719101123596	0.438202247191011
3	0.786516853932584	0.0	0.0	0.213483146067416
4	0.325842696629214	0.0	0.0	0.674157303370787
5	0.438202247191011	0.112359550561798	0.224719101123596	0.224719101123596
6	0.0	0.0	0.112359550561798	0.887640449438202
7	0.112359550561798	0.112359550561798	0.112359550561798	0.662921348314607
8	0.887640449438202	0.0	0.112359550561798	0.0
9	0.662921348314607	0.112359550561798	0.0	0.224719101123596
10	0.112359550561798	0.112359550561798	0.0	0.775280898876405
11	0.112359550561798	0.0	0.112359550561798	0.775280898876405
12	0.337078651685393	0.112359550561798	0.213483146067416	0.337078651685393
13	0.0	0.662921348314607	0.337078651685393	0.0
14	0.224719101123596	0.0	0.0	0.775280898876405
15	0.140449438202247	0.466292134831461	0.140449438202247	0.252808988764045
