Pos	A	C	G	T
1	0.544573643410853	0.226744186046512	0.0668604651162791	0.161821705426357
2	0.418604651162791	0.0	0.0368217054263566	0.544573643410853
3	0.38953488372093	0.0	0.12015503875969	0.49031007751938
4	0.936531007751937	0.0140503875968992	0.00436046511627907	0.0450581395348837
5	0.00872093023255814	0.0135658914728682	0.00872093023255814	0.968992248062014
6	0.0130813953488372	0.0188953488372093	0.204941860465116	0.763081395348837
7	0.169573643410853	0.338178294573643	0.00678294573643411	0.48546511627907
8	0.860465116279069	0.0	0.0426356589147287	0.0968992248062015
9	0.201550387596899	0.0794573643410853	0.147286821705426	0.571705426356589
10	0.196220930232558	0.0896317829457364	0.516957364341085	0.19718992248062
