Pos	A	C	G	T
1	0.0817152103559871	0.444174757281553	0.120550161812298	0.353559870550162
2	0.233009708737864	0.142394822006473	0.0453074433656958	0.579288025889968
3	0.401294498381877	0.446601941747573	0.12621359223301	0.0258899676375405
4	0.660194174757281	0.106796116504854	0.0	0.233009708737864
5	0.0841423948220065	0.0	0.0	0.915857605177994
6	0.0161812297734628	0.0	0.983818770226537	0.0
7	0.56957928802589	0.16504854368932	0.135922330097087	0.129449838187702
8	0.919093851132686	0.0	0.0	0.0809061488673139
9	0.271844660194175	0.0	0.0485436893203883	0.679611650485437
10	0.880258899676375	0.0	0.0323624595469256	0.087378640776699
11	0.262135922330097	0.0	0.0	0.737864077669903
12	0.533980582524272	0.0	0.155339805825243	0.310679611650485
13	0.166666666666667	0.312297734627832	0.131067961165049	0.389967637540453
