Pos	A	C	G	T
1	0.130195900444264	0.37481032447706	0.153527970317325	0.341465804761351
2	0.0118497666136282	0.0133932837390662	0.015836729732631	0.958920219914674
3	0.00971106718669111	0.0168334705123817	0.10949290399447	0.863962558306456
4	0.120216704748004	0.853238757552923	0.00921269679681576	0.017331840902257
5	0.00607725659012797	0.849667663743929	0.0194364452051385	0.124818634460805
6	0.0	0.00124592597468837	0.414103289085683	0.584650784939629
7	0.0588758962534021	0.00503210985456537	0.924934221491527	0.0111577724005052
8	0.0314798356420143	0.0152415474311318	0.898839648226517	0.0544389687003359
9	0.873155470810973	0.0971161453274543	0.0173802468580689	0.0123481370035036
10	0.940959101586862	0.0297767898173844	0.015677201033439	0.0135869075623138
11	0.306446761091594	0.160732347335415	0.366122410390829	0.166698481182163
