Pos	A	C	G	T
1	0.593585661869748	0.118828066187256	0.119399235971442	0.168187035971555
2	0.310100261870534	0.0420446964031817	0.551532715107738	0.0963223266185458
3	0.840721562589988	0.0550706676261629	0.0339373856112658	0.0702703841725835
4	0.966411916546308	0.0	0.00514052805767767	0.0284475553960142
5	0.0	0.992114556834696	0.0	0.00788544316530349
6	0.971203142446411	0.0	0.0209114143882846	0.00788544316530349
7	0.968236359712173	0.0135971410071676	0.00514052805767767	0.0130259712229812
8	0.0995109769793965	0.0	0.0	0.900489023020603
9	0.311020733812295	0.0130259712229812	0.636875381295781	0.0390779136689435
10	0.148537145323777	0.105000807194648	0.723155020143239	0.0233070273383365
11	0.342867574460101	0.152618534173061	0.377597997482165	0.126915893884673
