Pos	A	C	G	T
1	0.560171934108924	0.0162861077113863	0.385079022946416	0.0384629352332741
2	0.0	0.00346512930029496	0.984060405218641	0.0124744654810619
3	0.0489622046317712	0.0291070861224777	0.641359841233437	0.280570868012313
4	0.0471257584840115	0.00693025860058992	0.0822274459146028	0.863716537000795
5	0.00623723274053093	0.733705175179315	0.181537906898263	0.0785196851818906
6	0.877577054201974	0.0	0.109948480316962	0.0124744654810619
7	0.227034982229739	0.305312035979213	0.215010911176319	0.252642070614729
8	0.17342935957278	0.381302249153284	0.328389652356384	0.116878738917552
9	0.277383238581628	0.190304611646613	0.398593027217567	0.133719122554193
10	0.443154445256566	0.100939144136196	0.319865579040451	0.136040831566787
11	0.246197074878974	0.25011259860691	0.431615637067981	0.0720746894461352
12	0.593263557019757	0.131640044974016	0.180151855178145	0.0949445428280819
13	0.0725250838737769	0.112027557897139	0.775494489778078	0.0399528684510043
14	0.0997957238484948	0.0545064115122431	0.604594602213118	0.241103262426144
15	0.139505960867082	0.109255454456903	0.145500562175196	0.605738022500819
16	0.0983402971609744	0.696004640773502	0.133892379019207	0.0717626830463154
17	0.725007483491385	0.0835096161371085	0.114453148407346	0.0770297519641603
