Pos	A	C	G	T
1	0.207605421686747	0.226430722891566	0.418599397590362	0.147364457831325
2	0.175602409638554	0.218373493975903	0.474849397590362	0.131174698795181
3	0.228012048192771	0.220030120481928	0.439006024096386	0.112951807228916
4	0.276204819277108	0.219277108433735	0.389307228915663	0.115210843373494
5	0.17183734939759	0.199698795180723	0.554668674698797	0.0737951807228915
6	0.12078313253012	0.075	0.638253012048194	0.165963855421687
7	0.13855421686747	0.00240963855421687	0.854819277108432	0.00421686746987952
8	0.00240963855421687	0.0102409638554217	0.977409638554213	0.00993975903614457
9	0.00963855421686747	0.019578313253012	0.96626506024096	0.00451807228915662
10	0.234487951807229	0.627560240963857	0.0506024096385542	0.0873493975903614
11	0.0444277108433735	0.0343373493975904	0.890210843373492	0.0310240963855422
12	0.0072289156626506	0.0147590361445783	0.87168674698795	0.106325301204819
13	0.189457831325301	0.0349397590361446	0.719277108433735	0.0563253012048192
14	0.0951807228915662	0.133132530120482	0.734638554216867	0.0370481927710843
15	0.114156626506024	0.553915662650604	0.239156626506024	0.0927710843373494
16	0.112048192771084	0.367168674698795	0.315512048192771	0.205271084337349
17	0.257530120481927	0.132981927710843	0.449849397590362	0.159638554216868
18	0.200602409638554	0.167469879518072	0.515813253012049	0.116114457831325
19	0.163855421686747	0.265060240963855	0.455572289156627	0.115512048192771
20	0.182078313253012	0.241867469879518	0.449849397590362	0.126204819277108
