Pos	A	C	G	T
1	0.15472076252262	0.281759450067048	0.406984985042833	0.156534802367499
2	0.0852998001399538	0.206896368149744	0.707803831710302	0.0
3	1.0	0.0	0.0	0.0
4	0.0	1.0	0.0	0.0
5	1.0	0.0	0.0	0.0
6	1.0	0.0	0.0	0.0
7	0.0	0.0	0.0	1.0
8	0.190562911335941	0.0344827280249574	0.705988904589187	0.0689654560499147
9	0.379310008274531	0.0	0.362976551460728	0.257713440264741
10	0.328493823435771	0.103448184074872	0.310344552224616	0.257713440264741
11	0.223230712239783	0.275861824199659	0.294011095410813	0.206896368149744
12	0.638838375660387	0.103448184074872	0.0	0.257713440264741
13	0.206896368149744	0.0526319992361119	0.0	0.740471632614144
14	0.0	0.0	0.154265256189869	0.845734743810132
15	0.0	0.0	0.620689991725469	0.379310008274531
16	0.0344827280249574	0.0	0.310344552224616	0.655172719750426
17	0.0	0.0508170721149964	0.156080183310984	0.79310274457402
18	0.0798556842337846	0.0798556842337846	0.691467491248731	0.148821140283699
