Pos	A	C	G	T
1	0.209183673469388	0.464285714285714	0.11734693877551	0.209183673469388
2	0.438775510204082	0.0	0.377551020408163	0.183673469387755
3	0.183673469387755	0.102040816326531	0.714285714285715	0.0
4	0.0	0.183673469387755	0.816326530612245	0.0
5	0.561224489795918	0.0	0.438775510204082	0.0
6	0.714285714285715	0.102040816326531	0.183673469387755	0.0
7	0.897959183673469	0.0	0.0	0.102040816326531
8	0.26530612244898	0.36734693877551	0.173469387755102	0.193877551020408
9	0.36734693877551	0.173469387755102	0.0918367346938776	0.36734693877551
10	0.0918367346938776	0.357142857142857	0.448979591836735	0.102040816326531
11	0.459183673469388	0.275510204081633	0.0918367346938776	0.173469387755102
12	0.63265306122449	0.193877551020408	0.173469387755102	0.0
13	0.102040816326531	0.897959183673469	0.0	0.0
14	0.816326530612245	0.0	0.0	0.183673469387755
15	0.0	0.275510204081633	0.551020408163265	0.173469387755102
16	0.193877551020408	0.530612244897959	0.275510204081633	0.0
17	0.183673469387755	0.0	0.0	0.816326530612245
18	0.0	0.0	1.0	0.0
19	0.173469387755102	0.36734693877551	0.0	0.459183673469388
20	0.0	0.520408163265306	0.479591836734694	0.0
21	0.252551020408163	0.528061224489796	0.0688775510204082	0.150510204081633
