Pos	A	C	G	T
1	0.156262748037418	0.156912803449288	0.529261589652135	0.157562858861159
2	0.00130011082374111	0.000650055411870555	0.87539886586933	0.122650967895055
3	0.00623075674617011	0.0143628036890158	0.0772838731977413	0.902122566367065
4	0.005850498706835	0.893967993349639	0.0201816347611743	0.0799998731823478
5	0.99999999999999	0.0	0.0	0.0
6	0.909896597381502	0.00401079313802302	0.0734218248878123	0.0126707845926549
7	0.969707389115048	0.00130011082374111	0.0289925000612027	0.0
8	0.0	0.000650055411870555	0.998049833764379	0.00130011082374111
9	0.000650055411870555	0.000650055411870555	0.912925685430999	0.0857742037452538
10	0.0140813560831957	0.0176130807483686	0.0242124453005892	0.944093117867839
11	0.00455038788309388	0.859692082260421	0.0757480717317139	0.0600094581247696
12	0.927971156395199	0.00558070133429956	0.0654178288192887	0.00103031345120568
13	0.29182616176033	0.329638861760368	0.102667834158472	0.275867142320827
