Pos	A	C	G	T
1	0.0773681522246671	0.0605286747165086	0.13513034135055	0.726972831708275
2	0.0552228486649891	0.0423392577347983	0.0168394775081584	0.885598416092054
3	0.0670373205900394	0.560862926758686	0.00384902343043621	0.368250729220839
4	0.812573834061297	0.138832245129445	0.0209290649029969	0.0276648559062603
5	0.0	0.793141340753567	0.0269431640130535	0.17991549523338
6	0.13400754700673	0.0466828279287088	0.755065627734487	0.064243997330074
7	0.00481127928804527	0.745509675801919	0.217790900792066	0.0318881441179696
8	0.390676853248928	0.0974552432522561	0.0612369477750457	0.45063095572377
9	0.00817917478967695	0.07665987916613	0.0	0.915160946044192
10	0.0264754549189187	0.380639773387555	0.53898502483275	0.0538997468607767
11	0.780872578569051	0.0372874144823508	0.15658079068636	0.0252592162622376
