Pos	A	C	G	T
1	0.414965986394558	0.231292517006803	0.353741496598639	0.0
2	0.353741496598639	0.108843537414966	0.414965986394558	0.122448979591837
3	0.306122448979592	0.340136054421769	0.244897959183673	0.108843537414966
4	0.0	0.231292517006803	0.244897959183673	0.523809523809524
5	0.0	0.0	0.0	1.0
6	0.0	0.0	1.0	0.0
7	1.0	0.0	0.0	0.0
8	0.0	0.476190476190476	0.0	0.523809523809524
9	0.244897959183673	0.0612244897959184	0.122448979591837	0.571428571428571
10	0.0	0.0	0.891156462585034	0.108843537414966
11	0.816326530612245	0.183673469387755	0.0	0.0
12	0.122448979591837	0.183673469387755	0.108843537414966	0.585034013605442
13	0.231292517006803	0.0	0.489795918367347	0.27891156462585
