Pos	A	C	G	T
1	0.111888111888112	0.433566433566434	0.223776223776224	0.230769230769231
2	0.832167832167832	0.0559440559440559	0.0559440559440559	0.0559440559440559
3	0.0	0.0979020979020979	0.734265734265734	0.167832167832168
4	0.496503496503497	0.447552447552448	0.0559440559440559	0.0
5	0.0	1.0	0.0	0.0
6	0.391608391608392	0.0	0.398601398601399	0.20979020979021
7	0.0	0.0	1.0	0.0
8	0.615384615384615	0.286713286713287	0.0979020979020979	0.0
9	0.0	0.776223776223776	0.223776223776224	0.0
10	0.72027972027972	0.167832167832168	0.111888111888112	0.0
11	0.234265734265734	0.576923076923077	0.0664335664335664	0.122377622377622
