Pos	A	C	G	T
1	0.303427888487764	0.429980268080377	0.23292995783155	0.0336618856003097
2	0.127193501430229	0.0522353795978066	0.0279989782803122	0.792572140691653
3	0.00682061504698765	0.966276182809882	0.0237423113516288	0.00316089079150404
4	0.77070906158306	0.0498122551190497	0.081461891339529	0.0980167919583625
5	0.00289879371094815	0.644119022108578	0.314175529525489	0.0388066546549872
6	0.0874479706698694	0.572814603692588	0.272538436740954	0.067198988896589
7	0.0540330774673787	0.663709006920248	0.00315564884989292	0.279102266762482
8	0.0522062646404543	0.633444022182541	0.24832080672456	0.0660289064524453
9	0.898189600110068	0.0248934121542161	0.0556053093832878	0.0213116783524317
10	0.01741167379376	0.538291071071538	0.212726114822768	0.231571140311935
11	0.133539278727578	0.456051481539632	0.212973527901498	0.197435711831292
