Pos	A	C	G	T
1	0.0650684931506849	0.0650684931506849	0.804794520547945	0.0650684931506849
2	0.246575342465753	0.123287671232877	0.63013698630137	0.0
3	0.63013698630137	0.123287671232877	0.246575342465753	0.0
4	0.383561643835616	0.36986301369863	0.123287671232877	0.123287671232877
5	0.383561643835616	0.123287671232877	0.36986301369863	0.123287671232877
6	0.63013698630137	0.0	0.123287671232877	0.246575342465753
7	0.26027397260274	0.246575342465753	0.36986301369863	0.123287671232877
8	0.616438356164384	0.0	0.26027397260274	0.123287671232877
9	0.753424657534247	0.0	0.0	0.246575342465753
10	0.0	1.0	0.0	0.0
11	1.0	0.0	0.0	0.0
12	1.0	0.0	0.0	0.0
13	0.36986301369863	0.0	0.0	0.63013698630137
14	0.0	0.123287671232877	0.493150684931507	0.383561643835616
15	0.123287671232877	0.246575342465753	0.383561643835616	0.246575342465753
16	0.246575342465753	0.123287671232877	0.36986301369863	0.26027397260274
17	0.36986301369863	0.123287671232877	0.0	0.506849315068493
18	0.246575342465753	0.0	0.36986301369863	0.383561643835616
19	0.0308219178082192	0.537671232876712	0.277397260273973	0.154109589041096
