Pos	A	C	G	T
1	0.212121212121212	0.181818181818182	0.515151515151515	0.0909090909090909
2	0.606060606060606	0.0	0.333333333333333	0.0606060606060606
3	0.0909090909090909	0.606060606060606	0.151515151515152	0.151515151515152
4	0.0303030303030303	0.696969696969697	0.121212121212121	0.151515151515152
5	0.606060606060606	0.212121212121212	0.0	0.181818181818182
6	0.0909090909090909	0.848484848484848	0.0303030303030303	0.0303030303030303
7	0.0909090909090909	0.878787878787878	0.0303030303030303	0.0
8	0.0	0.878787878787878	0.0	0.121212121212121
9	0.401515151515151	0.21969696969697	0.310606060606061	0.0681818181818182
