Pos	A	C	G	T
1	0.208494074666684	0.306608933333359	0.110379216000009	0.374517775999948
2	0.171701002666681	0.681126709333306	0.0245287146666687	0.122643573333344
3	0.416988149333368	0.460368277333288	0.0	0.122643573333344
4	0.367930720000031	0.0	0.294344576000025	0.337724703999945
5	0.318873290666693	0.122643573333344	0.367930720000031	0.190552415999932
6	0.411310847999951	0.0981148586666749	0.0245287146666687	0.466045578666705
7	0.0490574293333374	0.0245287146666687	0.466045578666705	0.460368277333288
8	0.0245287146666687	0.215081130666601	0.56416043733338	0.19622971733335
9	0.147172288000012	0.171701002666681	0.220758432000018	0.460368277333288
10	0.0490574293333374	0.337724703999945	0.122643573333344	0.490574293333374
11	0.220758432000018	0.147172288000012	0.435839562666619	0.19622971733335
12	0.220758432000018	0.245287146666687	0.343402005333362	0.190552415999932
13	0.122643573333344	0.171701002666681	0.392459434666699	0.313195989333276
14	0.220758432000018	0.435839562666619	0.0981148586666749	0.245287146666687
15	0.215081130666601	0.147172288000012	0.490574293333374	0.147172288000012
16	0.950942570666663	0.0	0.0490574293333374	0.0
17	0.484896991999957	0.515103008000043	0.0	0.0
18	0.0	1.0	0.0	0.0
19	1.0	0.0	0.0	0.0
20	0.0	0.0490574293333374	0.190552415999932	0.76039015466673
21	0.166023701333264	0.809447584000068	0.0245287146666687	0.0
22	0.0	0.0	0.0	1.0
23	0.0	0.0	1.0	0.0
24	0.0	0.0490574293333374	0.23960984533327	0.711332725333393
25	0.0245287146666687	0.0735861440000062	0.0490574293333374	0.852827711999988
