Pos	A	C	G	T
1	0.188920454545455	0.535511363636364	0.240056818181818	0.0355113636363636
2	0.0	0.204545454545455	0.795454545454546	0.0
3	0.153409090909091	0.0511363636363636	0.590909090909091	0.204545454545455
4	0.335227272727273	0.306818181818182	0.306818181818182	0.0511363636363636
5	0.0	0.306818181818182	0.693181818181818	0.0
6	0.386363636363636	0.153409090909091	0.306818181818182	0.153409090909091
7	0.306818181818182	0.0511363636363636	0.539772727272727	0.102272727272727
8	0.0	0.153409090909091	0.744318181818182	0.102272727272727
9	0.0	0.0	1.0	0.0
10	0.102272727272727	0.0	0.897727272727273	0.0
11	0.0	0.0	1.0	0.0
12	0.488636363636364	0.409090909090909	0.0511363636363636	0.0511363636363636
13	0.153409090909091	0.102272727272727	0.744318181818182	0.0
14	0.0	0.346590909090909	0.653409090909091	0.0
15	0.346590909090909	0.0909090909090909	0.5625	0.0
16	0.0	0.306818181818182	0.693181818181818	0.0
17	0.0	0.102272727272727	0.693181818181818	0.204545454545455
18	0.193181818181818	0.244318181818182	0.511363636363636	0.0511363636363636
19	0.153409090909091	0.193181818181818	0.653409090909091	0.0
20	0.0	0.0	0.948863636363637	0.0511363636363636
21	0.0	0.142045454545455	0.653409090909091	0.204545454545455
22	0.244318181818182	0.397727272727273	0.153409090909091	0.204545454545455
