Pos	A	C	G	T
1	0.154698864154282	0.0996948235660925	0.176342634154544	0.569263678125082
2	0.24751818264685	0.0	0.192514142058661	0.559967675294488
3	0.0	0.359560773382612	0.123759091323425	0.516680135293963
4	0.0	0.24751818264685	0.0	0.75248181735315
5	0.0	0.0	0.214157912058924	0.785842087941076
6	0.559967675294488	0.440032324705512	0.0	0.0
7	0.495036365293701	0.0	0.0	0.504963634706299
8	0.0	0.563791416028937	0.436208583971063	0.0
9	1.0	0.0	0.0	0.0
10	0.0	0.854597138676313	0.0	0.145402861323688
11	0.0	1.0	0.0	0.0
12	0.0	0.0	0.0	1.0
13	0.683726766617914	0.0687550507352362	0.24751818264685	0.0
14	0.683726766617914	0.0	0.24751818264685	0.0687550507352362
15	0.123759091323425	0.123759091323425	0.316273233382087	0.436208583971063
16	0.123759091323425	0.123759091323425	0.0687550507352362	0.683726766617914
17	0.0	0.436208583971063	0.371277273970276	0.192514142058661
18	0.0	0.269161952647113	0.192514142058661	0.538323905294226
19	0.0	0.75248181735315	0.24751818264685	0.0
20	0.24751818264685	0.214157912058924	0.0	0.538323905294226
21	0.440032324705512	0.123759091323425	0.0	0.436208583971063
22	0.316273233382087	0.559967675294488	0.123759091323425	0.0
23	0.0687550507352362	0.683726766617914	0.0	0.24751818264685
24	0.0928193184925689	0.0928193184925689	0.161574369227805	0.652786993787057
