Pos	A	C	G	T
1	0.142576204523107	0.133726647000983	0.595870206489676	0.127826941986234
2	0.0629301868239921	0.173058013765978	0.258603736479843	0.505408062930187
3	0.0	0.966568338249756	0.00884955752212389	0.0245821042281219
4	0.915437561455262	0.0176991150442478	0.0255653883972468	0.0412979351032448
5	0.0	0.68338249754179	0.179941002949852	0.136676499508358
6	0.0973451327433628	0.0580137659783677	0.818092428711899	0.0265486725663717
7	0.0	0.0	0.0	1.0
8	0.0	0.0	0.974434611602755	0.0255653883972468
9	0.304818092428712	0.0285152409046214	0.545722713864306	0.12094395280236
10	0.0747295968534907	0.315634218289085	0.35693215339233	0.252704031465093
11	0.131514257620452	0.440265486725664	0.210176991150442	0.218043264503441
