Pos	A	C	G	T
1	0.16568138251659	0.128785961535801	0.576746694411808	0.128785961535801
2	0.944806016484657	0.0	0.0551939835153431	0.0
3	0.239173928566487	0.760826071433513	0.0	0.0
4	0.0	1.0	0.0	0.0
5	1.0	0.0	0.0	0.0
6	0.0	0.0183979945051144	0.0	0.981602005494886
7	0.0	1.0	0.0	0.0
8	0.0	0.0	0.0	1.0
9	0.0	0.0	1.0	0.0
10	0.0	0.153493388823617	0.183979945051144	0.662526666125239
11	0.0735919780204575	0.0675476971592513	0.122741680674594	0.736118644145697
12	0.105788468404408	0.504599498626279	0.246928143584116	0.142683889385197
