Pos	A	C	G	T
1	0.0	0.0	0.975733221542928	0.0242667784570684
2	0.999999999999996	0.0	0.0	0.0
3	0.0	0.999999999999996	0.0	0.0
4	0.0	0.0	0.999999999999996	0.0
5	0.0	0.0	0.0	0.999999999999996
6	0.000310544989549273	0.0	0.998325652994077	0.0013638020163702
7	0.0	0.0	0.435271110699464	0.564728889300533
8	0.162449170463129	0.756402916327626	0.0212254653136295	0.0599224478956117
9	0.45092979553271	0.30498441053652	0.117249602135625	0.126836191795144
10	0.231272361614877	0.219528406773675	0.0803840221848347	0.468815209426613
11	0.336491552248122	0.0311633425715968	0.0224620814143639	0.609883023765915
12	0.386599017469054	0.111642232813182	0.152525558475685	0.349233191242079
