Pos	A	C	G	T
1	1.0	0.0	0.0	0.0
2	0.900990099009901	0.0	0.099009900990099	0.0
3	0.633663366336634	0.099009900990099	0.0	0.267326732673267
4	1.0	0.0	0.0	0.0
5	0.732673267326733	0.267326732673267	0.0	0.0
6	0.0	0.366336633663366	0.0	0.633663366336634
7	1.0	0.0	0.0	0.0
8	0.0891089108910891	0.0	0.534653465346535	0.376237623762376
9	0.0891089108910891	0.811881188118812	0.0	0.099009900990099
10	0.0	0.455445544554456	0.0891089108910891	0.455445544554455
11	0.0891089108910891	0.811881188118812	0.0	0.099009900990099
12	0.178217821782178	0.099009900990099	0.0	0.722772277227723
