Pos	A	C	G	T
1	0.101873536299766	0.284543325526932	0.413348946135831	0.200234192037471
2	0.326697892271663	0.251756440281031	0.103044496487119	0.318501170960187
3	0.473067915690866	0.0971896955503513	0.0269320843091335	0.402810304449649
4	0.0444964871194379	0.0866510538641686	0.00585480093676815	0.862997658079626
5	0.32903981264637	0.0234192037470726	0.0	0.647540983606557
6	0.0	0.0585480093676815	0.00585480093676815	0.935597189695551
7	0.785714285714286	0.0866510538641686	0.0152224824355972	0.112412177985948
8	0.190866510538642	0.00585480093676815	0.0468384074941452	0.756440281030445
9	0.655737704918033	0.17096018735363	0.0866510538641686	0.0866510538641686
10	0.0210772833723653	0.455503512880562	0.215456674473068	0.307962529274005
11	0.0974824355971897	0.414812646370023	0.157201405152225	0.330503512880562
