Pos	A	C	G	T
1	0.380090497737557	0.0470588235294118	0.491402714932127	0.081447963800905
2	0.153846153846154	0.016289592760181	0.714027149321267	0.115837104072398
3	0.105882352941176	0.539366515837104	0.34027149321267	0.0144796380090498
4	0.123981900452489	0.539366515837104	0.336651583710407	0.0
5	0.833484162895928	0.117647058823529	0.048868778280543	0.0
6	0.881447963800906	0.0	0.118552036199095	0.0
7	0.065158371040724	0.032579185520362	0.16289592760181	0.739366515837104
8	0.016289592760181	0.67420814479638	0.200904977375566	0.108597285067873
9	0.363800904977376	0.420814479638009	0.124886877828054	0.0904977375565611
10	0.0778280542986425	0.529411764705882	0.331221719457014	0.0615384615384615
11	0.317647058823529	0.358371040723982	0.189140271493213	0.134841628959276
