Pos	A	C	G	T
1	0.242406947793741	0.185085696227631	0.417087538138241	0.155419817840387
2	0.091116626475108	0.176691095552879	0.110241791347977	0.621950486624035
3	0.116598765288101	0.125020487489102	0.703286973075058	0.0550937741477397
4	0.689866694757019	0.137028104931558	0.0621570785256551	0.110948121785769
5	0.617875233154779	0.363053845024849	0.00635697394012382	0.0127139478802476
6	0.0134202783180392	0.884161808202189	0.0261342261982868	0.0762836872814858
7	0.0247215653227037	0.419831495310661	0.0374355132029514	0.518011426163684
8	0.0849362351444321	0.608761033967942	0.0446754001903146	0.261627330697311
9	0.181811991226868	0.307538809153761	0.308353625696548	0.202295573922822
10	0.325305556203545	0.161926252863709	0.170510704222203	0.342257486710542
11	0.0437924871430752	0.0544416867624459	0.0310785392628275	0.870687286831652
12	0.154740608928844	0.0946482786640657	0.723770555771012	0.0268405566360783
13	0.836837668870156	0.0769900177192773	0.0381418436407429	0.0480304697698244
14	0.223254661394623	0.735778173213469	0.0353165218895767	0.00565064350233228
15	0.0127139478802476	0.888399790828938	0.0254278957604953	0.0734583655303196
16	0.0310785392628275	0.579570660356543	0.0247215653227037	0.364629235057925
