Pos	A	C	G	T
1	0.222014478984027	0.545734994978175	0.143201072893794	0.0890494531440043
2	0.908953084805209	0.0246357233284079	0.0379909093716078	0.0284202824947742
3	0.898538833184077	0.0369315909640609	0.0256562704783184	0.0388733053735421
4	0.28275253626342	0.165328706868959	0.47032728207638	0.0815914747912405
5	0.993870716272791	0.00322493399559861	0.0	0.00290434973160854
6	0.00167746334837018	0.0	0.000513852584338703	0.997808684067289
7	0.00109501079685275	0.0	0.998904989203145	0.0
8	0.0285012081387173	0.00063810912866242	0.95208082357037	0.0187798591622489
9	0.12817039263911	0.761315057995327	0.0127739202821795	0.0977406290833841
10	0.101301443761154	0.195973424169663	0.584107599541074	0.118617532528108
11	0.13451882119031	0.116031007108994	0.624204544233331	0.125245627467364
12	0.13596802473629	0.652687082596194	0.101011369717939	0.110333522949577
