Pos	A	C	G	T
1	0.225752508361204	0.192307692307692	0.5	0.0819397993311037
2	0.568561872909699	0.0	0.311036789297659	0.120401337792642
3	0.153846153846154	0.290969899665552	0.508361204013378	0.0468227424749164
4	0.110367892976589	0.304347826086956	0.525083612040134	0.060200668896321
5	0.0	0.290969899665552	0.140468227424749	0.568561872909699
6	0.1438127090301	0.48494983277592	0.277591973244147	0.0936454849498327
7	0.662207357859532	0.120401337792642	0.107023411371237	0.110367892976589
8	0.0769230769230769	0.341137123745819	0.411371237458194	0.17056856187291
9	0.317725752508361	0.250836120401338	0.384615384615385	0.0468227424749164
10	0.0	0.060200668896321	0.234113712374582	0.705685618729097
11	0.0936454849498327	0.45819397993311	0.418060200668896	0.0301003344481605
12	0.969899665551839	0.0	0.0301003344481605	0.0
13	0.0	0.0	0.926421404682274	0.0735785953177257
14	0.0	0.0	0.969899665551839	0.0301003344481605
15	0.277591973244147	0.0	0.0234113712374582	0.698996655518395
16	0.0535117056856187	0.819397993311037	0.0969899665551839	0.0301003344481605
17	0.8561872909699	0.1438127090301	0.0	0.0
