Pos	A	C	G	T
1	0.190677966101695	0.114406779661017	0.190677966101695	0.504237288135593
2	0.076271186440678	0.0	0.847457627118644	0.076271186440678
3	0.076271186440678	0.0	0.305084745762712	0.61864406779661
4	0.0	0.610169491525423	0.313559322033898	0.076271186440678
5	0.771186440677966	0.076271186440678	0.0	0.152542372881356
6	0.152542372881356	0.161016949152542	0.533898305084746	0.152542372881356
7	0.152542372881356	0.161016949152542	0.533898305084746	0.152542372881356
8	0.228813559322034	0.0	0.0	0.771186440677966
9	0.076271186440678	0.152542372881356	0.771186440677966	0.0
10	0.228813559322034	0.0	0.152542372881356	0.61864406779661
11	0.0	0.686440677966101	0.161016949152542	0.152542372881356
12	0.694915254237288	0.0	0.305084745762712	0.0
13	0.152542372881356	0.389830508474576	0.305084745762712	0.152542372881356
14	0.076271186440678	0.61864406779661	0.152542372881356	0.152542372881356
15	0.228813559322034	0.152542372881356	0.152542372881356	0.466101694915254
16	0.114406779661017	0.190677966101695	0.427966101694915	0.266949152542373
