Pos	A	C	G	T
1	0.1	0.267	0.092	0.541
2	0.178	0.117	0.428	0.277
3	0.25	0.061	0.527	0.161
4	0.053	0.873	0.034	0.04
5	0.002	0.995	0.001	0.002
6	0.9	0.014	0.039	0.047
7	0.021	0.686	0.273	0.02
8	0.13	0.446	0.042	0.382
9	0.93	0.004	0.036	0.03
10	0.001	0.001	0.995	0.003
11	0.467	0.004	0.527	0.002
12	0.016	0.007	0.475	0.501
13	0.003	0.001	0.994	0.002
14	0.01	0.005	0.905	0.079
15	0.047	0.887	0.005	0.061
16	0.593	0.005	0.378	0.023
17	0.061	0.528	0.377	0.033
18	0.11	0.33	0.061	0.499
19	0.386	0.236	0.34	0.037
20	0.151	0.181	0.221	0.447
