Pos	A	C	G	T
1	0.054	0.015	0.003	0.928
2	0.003	0.001	0.995	0.001
3	0.005	0.003	0.951	0.041
4	0.077	0.638	0.041	0.244
5	0.152	0.517	0.057	0.275
6	0.586	0.044	0.319	0.051
7	0.172	0.378	0.157	0.293
8	0.301	0.152	0.149	0.398
9	0.175	0.208	0.314	0.303
10	0.105	0.26	0.254	0.38
11	0.162	0.136	0.329	0.373
12	0.167	0.005	0.738	0.09
13	0.033	0.013	0.905	0.049
14	0.55	0.165	0.041	0.244
15	0.936	0.018	0.023	0.023
16	0.026	0.707	0.064	0.203
17	0.056	0.001	0.008	0.935
18	0.054	0.001	0.93	0.015
19	0.001	0.991	0.005	0.003
20	0.905	0.033	0.01	0.051
