Pos	A	C	G	T
1	0.156137184115523	0.116425992779783	0.473826714801444	0.253610108303249
2	0.0830324909747292	0.216606498194946	0.584837545126354	0.115523465703971
3	0.223826714801444	0.212996389891697	0.433212996389892	0.129963898916968
4	0.0974729241877256	0.101083032490975	0.592057761732852	0.209386281588448
5	0.162454873646209	0.169675090252708	0.252707581227437	0.415162454873646
6	0.0	0.101083032490975	0.866425992779784	0.0324909747292419
7	0.0902527075812274	0.0	0.909747292418773	0.0
8	0.0	0.0	1.0	0.0
9	0.0469314079422383	0.0	0.898916967509026	0.0541516245487365
10	0.0	0.0	1.0	0.0
11	0.48014440433213	0.216606498194946	0.115523465703971	0.187725631768953
12	0.209386281588448	0.0	0.772563176895307	0.0180505415162455
13	0.0324909747292419	0.0288808664259928	0.938628158844766	0.0
14	0.205776173285199	0.0	0.776173285198556	0.0180505415162455
15	0.116425992779783	0.101985559566787	0.726534296028881	0.0550541516245487
