Pos	A	C	G	T
1	0.351471522674315	0.210440551629041	0.302443098349895	0.135644827346751
2	0.567718780259492	0.119785319815418	0.223168555159776	0.0893273447653141
3	0.100338584637121	0.398279158991629	0.435031283472024	0.0663509728992266
4	0.667118003649274	0.0295845748126732	0.00926155373039493	0.294035867807659
5	0.160809848220917	0.0178964513501645	0.0623921646375279	0.758901535791391
6	0.0766576769955586	0.817990592024702	0.0966919166160091	0.00865981436373085
7	0.992062771211147	0.00555269639176355	0.00025788829999889	0.0021266440970923
8	0.972363593435386	0.0139521307810994	0.0130700780448713	0.0006141977386447
9	0.920002233476438	6.97668830914872e-05	0.0453518903913493	0.0345761092491227
10	0.046575623649558	0.0208802314395237	0.927710296582438	0.00483384832848162
11	0.247712935022833	0.245145016290358	0.429378530613115	0.0777635180736946
12	0.253019589363605	0.318789291507522	0.333033872900455	0.0951572462284182
