Pos	A	C	G	T
1	0.226	0.15	0.432	0.192
2	0.053	0.865	0.063	0.019
3	0.001	0.997	0.001	0.001
4	0.623	0.055	0.15	0.172
5	0.032	0.546	0.418	0.004
6	0.149	0.525	0.073	0.253
7	0.89	0.017	0.043	0.05
8	0.001	0.001	0.997	0.001
9	0.309	0.001	0.689	0.001
10	0.058	0.027	0.67	0.245
11	0.001	0.001	0.997	0.001
12	0.004	0.013	0.96	0.023
13	0.131	0.827	0.005	0.037
14	0.334	0.052	0.562	0.052
15	0.06	0.554	0.326	0.06
16	0.136	0.416	0.114	0.334
17	0.307	0.268	0.32	0.105
18	0.154	0.259	0.299	0.288
19	0.27	0.229	0.275	0.226
20	0.165	0.246	0.416	0.173
