Pos	A	C	G	T
1	0.0659609120521173	0.27442996742671	0.443811074918567	0.215798045602606
2	0.612377850162867	0.267100977198697	0.0879478827361563	0.0325732899022801
3	0.0	0.706840390879479	0.234527687296417	0.0586319218241042
4	0.117263843648208	0.765472312703583	0.0	0.117263843648208
5	0.495114006514658	0.175895765472313	0.0293159609120521	0.299674267100977
6	0.0	0.941368078175896	0.0586319218241042	0.0
7	0.0293159609120521	0.941368078175896	0.0293159609120521	0.0
8	0.0	0.85342019543974	0.0586319218241042	0.0879478827361563
9	0.301302931596091	0.519543973941368	0.131921824104235	0.0472312703583062
