Pos	A	C	G	T
1	0.591603053435115	0.110687022900763	0.179389312977099	0.118320610687023
2	0.0	0.320610687022901	0.557251908396946	0.122137404580153
3	0.595419847328244	0.0	0.106870229007634	0.297709923664122
4	0.473282442748092	0.0610687022900763	0.0534351145038168	0.412213740458015
5	0.0534351145038168	0.839694656488549	0.0534351145038168	0.0534351145038168
6	0.946564885496183	0.0	0.0	0.0534351145038168
7	1.0	0.0	0.0	0.0
8	0.946564885496183	0.0534351145038168	0.0	0.0
9	0.0	0.106870229007634	0.839694656488549	0.0534351145038168
10	0.0458015267175573	0.50381679389313	0.32824427480916	0.122137404580153
11	0.259541984732824	0.16030534351145	0.389312977099237	0.190839694656489
12	0.143129770992366	0.379770992366412	0.211832061068702	0.265267175572519
