Pos	A	C	G	T
1	0.0546558704453441	0.463562753036437	0.204453441295547	0.277327935222672
2	0.716599190283401	0.0607287449392713	0.198380566801619	0.0242914979757085
3	0.206477732793522	0.623481781376518	0.0	0.170040485829959
4	0.906882591093118	0.0	0.0931174089068826	0.0
5	0.0	0.0	0.0	1.0
6	0.182186234817814	0.0	0.0364372469635628	0.781376518218624
7	0.0	0.720647773279352	0.0688259109311741	0.210526315789474
8	0.0445344129554656	0.769230769230769	0.0728744939271255	0.11336032388664
9	0.45748987854251	0.0	0.048582995951417	0.493927125506073
10	0.0242914979757085	0.364372469635628	0.578947368421053	0.0323886639676113
11	0.34412955465587	0.396761133603239	0.0809716599190283	0.178137651821862
12	0.117408906882591	0.109311740890688	0.40080971659919	0.37246963562753
13	0.0323886639676113	0.477732793522267	0.279352226720648	0.210526315789474
14	0.262145748987854	0.33502024291498	0.0840080971659919	0.318825910931174
