Pos	A	C	G	T
1	0.190518783542039	0.0259391771019678	0.279964221824687	0.503577817531306
2	0.0	0.0769230769230769	0.0	0.923076923076924
3	0.0322003577817531	0.0465116279069768	0.0161001788908766	0.905187835420395
4	0.0	0.937388193202148	0.0161001788908766	0.0465116279069768
5	0.0787119856887299	0.840787119856888	0.0161001788908766	0.0644007155635063
6	0.0161001788908766	0.935599284436495	0.0161001788908766	0.0322003577817531
7	0.914132379248659	0.00894454382826476	0.0304114490161002	0.0465116279069768
8	0.0411449016100179	0.638640429338104	0.0966010733452594	0.223613595706619
9	0.248211091234347	0.0800536672629696	0.555903398926655	0.115831842576029
