Pos	A	C	G	T
1	0.126190402891655	0.136173668850589	0.469824258369649	0.267811669888107
2	0.027118638016019	0.00485153008723099	0.939889506078823	0.0281403258179254
3	0.0308286119022144	0.00335559979919836	0.946334957843905	0.0194808304546816
4	0.731779268438493	0.0154913961235451	0.244525804043366	0.00820353139459633
5	0.923740235401336	0.0294496198448772	0.0420609944905432	0.00474915026324376
6	0.965930506247582	0.0130722155929424	0.0209972781594746	0.0
7	0.104100043669834	0.126231479006031	0.277653602289102	0.492014875035033
8	0.0229720540746507	0.363417296105396	0.00903836078154153	0.604572289038413
9	0.0235744019661622	0.96731712656404	0.00640443741090051	0.00270403405889776
10	0.0260355423693656	0.962604709757283	0.000245006400916703	0.0111147414724338
11	0.146121725238129	0.68751008657352	0.10780908798954	0.0585591001988106
