Pos	A	C	G	T
1	0.144859813084112	0.219626168224299	0.490654205607477	0.144859813084112
2	0.841121495327103	0.158878504672897	0.0	0.0
3	0.327102803738318	0.242990654205608	0.0	0.429906542056075
4	0.91588785046729	0.0	0.0841121495327103	0.0
5	0.0	0.0	0.0747663551401869	0.925233644859813
6	0.252336448598131	0.0	0.0	0.747663551401869
7	0.0	0.411214953271028	0.158878504672897	0.429906542056075
8	0.0	0.579439252336449	0.0	0.420560747663552
9	0.336448598130841	0.0	0.0	0.663551401869159
10	0.168224299065421	0.0	0.83177570093458	0.0
11	0.168224299065421	0.663551401869159	0.0	0.168224299065421
12	0.158878504672897	0.252336448598131	0.0841121495327103	0.504672897196262
13	0.0841121495327103	0.336448598130841	0.252336448598131	0.327102803738318
14	0.0841121495327103	0.336448598130841	0.0841121495327103	0.495327102803738
15	0.448598130841121	0.177570093457944	0.102803738317757	0.271028037383178
