Pos	A	C	G	T
1	0.301448341629187	0.0824691761551919	0.236009259789336	0.380073222426286
2	0.424637914592703	0.226533138792142	0.275835891457156	0.0729930551579983
3	0.0	0.384811282924883	0.348828946615155	0.266359770459963
4	0.613266569396071	0.145986110315997	0.120373660143966	0.120373660143966
5	0.297604046271094	0.337430677938915	0.0729930551579983	0.291972220631993
6	0.0	0.29952619395014	0.202842836299158	0.497630969750702
7	0.145986110315997	0.0729930551579983	0.0379044839887744	0.743116350537231
8	0.0919452971523855	0.762068592531618	0.0	0.145986110315997
9	0.0	1.0	0.0	0.0
10	0.0	1.0	0.0	0.0
11	0.927006944842002	0.0729930551579983	0.0	0.0
12	0.0	0.110897539146773	0.524137185063236	0.364965275789991
13	0.467280459080075	0.386733430603929	0.145986110315997	0.0
14	0.67486135587783	0.179152533806174	0.145986110315997	0.0
15	0.0	0.0	0.115635599645369	0.884364400354631
16	0.0	0.0729930551579983	0.708027779368007	0.218979165473995
17	0.0	1.0	0.0	0.0
18	0.4293759750913	0.497630969750702	0.0	0.0729930551579983
19	0.266359770459963	0.186706507124321	0.120373660143966	0.42656006227175
20	0.145986110315997	0.351644859434705	0.047380604985968	0.454988425263331
21	0.120373660143966	0.0729930551579983	0.657831261562489	0.148802023135547
22	0.261621709961366	0.589576266903087	0.148802023135547	0.0
