Pos	A	C	G	T
1	0.138571428571429	0.141428571428571	0.655714285714286	0.0642857142857143
2	0.0	0.411428571428571	0.588571428571429	0.0
3	1.0	0.0	0.0	0.0
4	1.0	0.0	0.0	0.0
5	1.0	0.0	0.0	0.0
6	1.0	0.0	0.0	0.0
7	1.0	0.0	0.0	0.0
8	0.36	0.257142857142857	0.357142857142857	0.0257142857142857
9	0.128571428571429	0.308571428571429	0.154285714285714	0.408571428571429
10	0.231428571428572	0.408571428571429	0.18	0.18
11	0.102857142857143	0.205714285714286	0.434285714285714	0.257142857142857
12	0.160714285714286	0.337857142857143	0.392142857142857	0.109285714285714
