Pos	A	C	G	T
1	0.126027397260274	0.523287671232877	0.202739726027397	0.147945205479452
2	0.2	0.202739726027397	0.178082191780822	0.419178082191781
3	0.326027397260274	0.202739726027397	0.397260273972603	0.073972602739726
4	0.126027397260274	0.202739726027397	0.643835616438356	0.0273972602739726
5	0.101369863013699	0.147945205479452	0.421917808219178	0.328767123287671
6	0.224657534246575	0.353424657534247	0.397260273972603	0.0246575342465753
7	0.323287671232877	0.175342465753425	0.328767123287671	0.172602739726027
8	0.621917808219178	0.153424657534247	0.224657534246575	0.0
9	0.221917808219178	0.704109589041095	0.073972602739726	0.0
10	0.0	0.999999999999999	0.0	0.0
11	0.101369863013699	0.873972602739725	0.0	0.0246575342465753
12	0.547945205479452	0.304109589041096	0.0246575342465753	0.123287671232877
13	0.0	0.578082191780822	0.347945205479452	0.073972602739726
14	0.301369863013699	0.126027397260274	0.175342465753425	0.397260273972603
15	0.123287671232877	0.227397260273973	0.64931506849315	0.0
16	0.323287671232877	0.550684931506849	0.0493150684931507	0.0767123287671233
17	0.15958904109589	0.186986301369863	0.252739726027397	0.400684931506849
