Pos	A	C	G	T
1	0.0972222222222222	0.375	0.375	0.152777777777778
2	0.0555555555555556	0.444444444444444	0.388888888888889	0.111111111111111
3	0.0555555555555556	0.277777777777778	0.444444444444444	0.222222222222222
4	0.444444444444444	0.222222222222222	0.277777777777778	0.0555555555555556
5	0.777777777777778	0.222222222222222	0.0	0.0
6	0.888888888888889	0.0	0.111111111111111	0.0
7	0.0	1.0	0.0	0.0
8	1.0	0.0	0.0	0.0
9	0.0	0.0	0.0555555555555556	0.944444444444444
10	0.0	1.0	0.0	0.0
11	0.0	0.0	0.0	1.0
12	0.0	0.0	1.0	0.0
13	0.0	0.0	0.777777777777778	0.222222222222222
14	0.652777777777778	0.263888888888889	0.0416666666666667	0.0416666666666667
