Pos	A	C	G	T
1	0.0903614457831325	0.356927710843373	0.195783132530121	0.356927710843373
2	0.0873493975903614	0.146084337349398	0.0783132530120482	0.688253012048193
3	0.131024096385542	0.503012048192771	0.281626506024096	0.0843373493975904
4	0.787650602409639	0.0466867469879518	0.16566265060241	0.0
5	0.0	0.00753012048192771	0.914156626506024	0.0783132530120482
6	0.0	0.0	0.93222891566265	0.0677710843373494
7	0.0677710843373494	0.0	0.00903614457831325	0.923192771084338
8	0.0	0.92921686746988	0.0707831325301205	0.0
9	0.936746987951807	0.052710843373494	0.0105421686746988	0.0
10	0.146084337349398	0.293674698795181	0.41566265060241	0.144578313253012
