Pos	A	C	G	T
1	0.029	0.135	0.075	0.761
2	0.033	0.914	0.013	0.04
3	0.958	0.01	0.02	0.012
4	0.023	0.014	0.953	0.01
5	0.074	0.701	0.159	0.066
6	0.994	0.001	0.003	0.002
7	0.001	0.996	0.002	0.001
8	0.019	0.931	0.008	0.041
9	0.624	0.125	0.086	0.165
10	0.13	0.212	0.08	0.579
11	0.018	0.001	0.98	0.001
12	0.013	0.001	0.985	0.001
13	0.883	0.065	0.014	0.038
14	0.009	0.822	0.121	0.048
15	0.995	0.001	0.002	0.002
16	0.021	0.007	0.966	0.006
17	0.109	0.717	0.066	0.108
18	0.213	0.037	0.303	0.448
19	0.093	0.716	0.13	0.062
20	0.098	0.771	0.019	0.112
