Pos	A	C	G	T
1	0.275	0.108	0.421	0.198
2	0.481	0.052	0.334	0.135
3	0.019	0.826	0.07	0.086
4	0.657	0.118	0.056	0.17
5	0.221	0.028	0.099	0.653
6	0.002	0.003	0.99	0.006
7	0.077	0.406	0.021	0.498
8	0.15	0.535	0.078	0.238
9	0.168	0.36	0.132	0.341
10	0.348	0.137	0.341	0.175
11	0.241	0.078	0.526	0.156
12	0.499	0.022	0.405	0.076
13	0.007	0.987	0.004	0.003
14	0.652	0.1	0.029	0.22
15	0.165	0.054	0.108	0.674
16	0.083	0.046	0.854	0.018
17	0.126	0.343	0.057	0.476
18	0.211	0.416	0.109	0.266
19	0.19	0.349	0.138	0.325
20	0.254	0.269	0.241	0.239
