Pos	A	C	G	T
1	0.252	0.316	0.189	0.243
2	0.23	0.3	0.183	0.288
3	0.335	0.234	0.209	0.222
4	0.088	0.08	0.07	0.762
5	0.158	0.036	0.783	0.023
6	0.655	0.186	0.071	0.088
7	0.637	0.361	0.001	0.001
8	0.004	0.994	0.001	0.001
9	0.001	0.407	0.001	0.591
10	0.03	0.679	0.081	0.209
11	0.379	0.155	0.184	0.282
12	0.231	0.263	0.286	0.219
13	0.03	0.022	0.013	0.935
14	0.068	0.122	0.798	0.012
15	0.795	0.149	0.046	0.01
16	0.236	0.743	0.002	0.019
17	0.016	0.919	0.001	0.064
18	0.002	0.385	0.001	0.612
19	0.07	0.446	0.097	0.387
20	0.219	0.225	0.169	0.387
