Pos	A	C	G	T
1	0.193	0.433	0.19	0.184
2	0.322	0.085	0.374	0.219
3	0.047	0.251	0.45	0.251
4	0.035	0.842	0.12	0.003
5	0.047	0.001	0.001	0.951
6	0.001	0.001	0.989	0.009
7	0.032	0.357	0.348	0.263
8	0.219	0.199	0.327	0.254
9	0.14	0.249	0.404	0.208
10	0.196	0.272	0.313	0.219
11	0.175	0.287	0.345	0.193
12	0.208	0.336	0.269	0.187
13	0.31	0.193	0.295	0.202
14	0.117	0.433	0.368	0.082
15	0.675	0.015	0.006	0.304
16	0.001	0.001	0.997	0.001
17	0.997	0.001	0.001	0.001
18	0.001	0.041	0.001	0.957
19	0.981	0.001	0.003	0.015
20	0.675	0.044	0.225	0.056
