Pos	A	C	G	T
1	0.25	0.276	0.197	0.276
2	0.136	0.171	0.01	0.683
3	0.928	0.008	0.06	0.004
4	0.99	0.001	0.001	0.008
5	0.007	0.001	0.001	0.991
6	0.001	0.1	0.083	0.816
7	0.408	0.015	0.312	0.266
8	0.16	0.194	0.438	0.209
9	0.219	0.44	0.195	0.146
10	0.244	0.296	0.024	0.436
11	0.873	0.051	0.075	0.001
12	0.974	0.001	0.001	0.024
13	0.001	0.001	0.001	0.997
14	0.001	0.048	0.003	0.948
15	0.672	0.001	0.204	0.123
16	0.269	0.21	0.263	0.258
17	0.32	0.291	0.186	0.203
18	0.347	0.192	0.175	0.286
19	0.368	0.17	0.154	0.308
20	0.331	0.169	0.198	0.301
