Pos	A	C	G	T
1	0.148809523809524	0.101190476190476	0.315476190476191	0.43452380952381
2	0.172619047619048	0.125	0.505952380952381	0.196428571428571
3	0.196428571428571	0.0297619047619048	0.0535714285714286	0.720238095238095
4	0.0297619047619048	0.00595238095238095	0.0773809523809524	0.886904761904762
5	0.0	0.0	0.0	1.0
6	0.0952380952380952	0.0714285714285714	0.0	0.833333333333333
7	1.0	0.0	0.0	0.0
8	0.0	0.142857142857143	0.0	0.857142857142857
9	0.0714285714285714	0.0	0.619047619047619	0.30952380952381
10	0.666666666666667	0.0	0.19047619047619	0.142857142857143
