Pos	A	C	G	T
1	0.0833333333333333	0.178571428571429	0.279761904761905	0.458333333333333
2	0.446428571428571	0.148809523809524	0.125	0.279761904761905
3	0.428571428571428	0.226190476190476	0.136904761904762	0.208333333333333
4	0.410714285714286	0.208333333333333	0.130952380952381	0.25
5	0.446428571428571	0.160714285714286	0.0	0.392857142857143
6	0.0238095238095238	0.136904761904762	0.642857142857143	0.196428571428571
7	0.0952380952380952	0.0654761904761905	0.0892857142857143	0.75
8	1.0	0.0	0.0	0.0
9	1.0	0.0	0.0	0.0
10	0.0	1.0	0.0	0.0
11	0.380952380952381	0.160714285714286	0.238095238095238	0.220238095238095
12	0.0	0.0	1.0	0.0
13	0.30952380952381	0.136904761904762	0.0892857142857143	0.464285714285714
