Pos	A	C	G	T
1	0.118437118437119	0.118797313797314	0.634096459096461	0.128669108669109
2	0.148168498168499	0.0995543345543349	0.502039072039076	0.250238095238096
3	0.0859951159951163	0.796349206349204	0.0652380952380954	0.0524175824175826
4	0.198846153846154	0.0381318681318683	0.736043956043955	0.0269780219780221
5	0.0319780219780221	0.87203907203907	0.02991452991453	0.0660683760683763
6	0.0219780219780221	0.0253113553113554	0.919462759462757	0.0332478632478634
7	0.0372283272283273	0.0244078144078145	0.0276251526251527	0.910738705738703
8	0.0274725274725276	0.0291391941391942	0.910915750915748	0.0324725274725276
9	0.0536263736263738	0.500097680097684	0.212246642246643	0.234029304029305
10	0.0549084249084251	0.696105006105005	0.161141636141636	0.0878449328449332
11	0.0	0.0	0.0	0.0
12	0.101880341880341	0.313333333333334	0.0422222222222221	0.542564102564103
13	0.453333333333333	0.520512820512822	0.0173504273504273	0.00880341880341877
14	0.868974358974351	0.121196581196581	0.00658119658119656	0.00324786324786324
15	0.012051282051282	0.959401709401696	0.00982905982905979	0.0187179487179487
16	0.0262393162393161	0.0203418803418803	0.92051282051281	0.0329059829059828
17	0.0106837606837606	0.962393162393149	0.014017094017094	0.0129059829059829
18	0.0174358974358974	0.959914529914516	0.00965811965811962	0.0129914529914529
19	0.00965811965811962	0.822649572649569	0.0141025641025641	0.153589743589743
20	0.45957264957265	0.413418803418803	0.0273504273504272	0.0996581196581192
21	0.0658119658119656	0.530427350427351	0.0469230769230768	0.356837606837607
22	0.0	0.0	0.0	0.0
23	0.0887435750999429	0.12050732914525	0.322872644203313	0.467876451551494
24	0.0732495716733295	0.0390281743765467	0.0211802779364173	0.866541976013708
25	0.0147068341899867	0.0162764134780126	0.01304016752332	0.955976584808683
26	0.0195126594327051	0.0227489053873977	0.0163735008566533	0.941364934323246
27	0.0278440890919475	0.00980392156862745	0.0114705882352941	0.950881401104133
28	0.02608033504664	0.00980392156862745	0.00980392156862745	0.954311821816107
29	0.00980392156862745	0.0570654863887302	0.00980392156862745	0.923326670474017
30	0.370935655815725	0.140304587854559	0.479740148486579	0.00901960784313725
31	0.137764134780126	0.330118979630688	0.159720159908624	0.372396725680564
32	0.0450047591852275	0.184821054635446	0.386808490386446	0.383365695792881
