Pos	A	C	G	T
1	0.0576315789473685	0.147631578947369	0.753421052631579	0.0413157894736842
2	0.241578947368421	0.366578947368421	0.252894736842105	0.138947368421053
3	0.0913157894736843	0.449473684210526	0.341578947368421	0.117631578947369
4	0.0	0.116315789473684	0.739736842105263	0.143947368421053
5	0.185263157894737	0.70578947368421	0.0	0.108947368421053
6	0.0663157894736842	0.0	0.923684210526316	0.01
7	0.413157894736842	0.444210526315789	0.06	0.0826315789473685
8	0.138947368421053	0.861052631578947	0.0	0.0
9	0.276578947368421	0.0	0.528157894736842	0.195263157894737
10	0.0413157894736842	0.292894736842105	0.541842105263158	0.123947368421053
11	0.0	0.808421052631579	0.0	0.191578947368421
12	0.379210526315789	0.145263157894737	0.362894736842105	0.112631578947369
13	0.226578947368421	0.0	0.773421052631579	0.0
14	0.311842105263158	0.529210526315789	0.0676315789473685	0.0913157894736843
