Pos	A	C	G	T
1	0.0833333333333333	0.722222222222222	0.0694444444444444	0.125
2	0.114583333333333	0.0451388888888889	0.0451388888888889	0.795138888888889
3	0.0729166666666667	0.0173611111111111	0.03125	0.878472222222222
4	0.232638888888889	0.0520833333333333	0.177083333333333	0.538194444444445
5	0.121527777777778	0.0798611111111111	0.121527777777778	0.677083333333333
6	0.118055555555556	0.0347222222222222	0.784722222222222	0.0625
7	0.0416666666666667	0.25	0.0138888888888889	0.694444444444445
8	0.916666666666667	0.0277777777777778	0.0138888888888889	0.0416666666666667
9	0.930555555555556	0.0277777777777778	0.0138888888888889	0.0277777777777778
10	0.916666666666667	0.0416666666666667	0.0277777777777778	0.0138888888888889
11	0.0243055555555556	0.357638888888889	0.0104166666666667	0.607638888888889
12	0.940972222222222	0.0104166666666667	0.0104166666666667	0.0381944444444444
