Pos	A	C	G	T
1	1.0	0.0	0.0	0.0
2	1.0	0.0	0.0	0.0
3	0.464789	0.0	0.535211	0.0
4	0.0	0.0	1.0	0.0
5	0.0	1.0	0.0	0.0
6	0.570423	0.0	0.0	0.429577
7	0.0	1.0	0.0	0.0
8	0.0	0.0	0.0	0.0
9	0.876289	0.020619	0.103093	0.0
10	0.041237	0.206186	0.020619	0.731959
11	0.969072	0.010309	0.020619	0.0
12	0.881443	0.015464	0.041237	0.061856
13	0.015464	0.969072	0.0	0.015464
14	0.865979	0.036082	0.010309	0.087629
15	0.469072	0.051546	0.43299	0.046392
16	0.984536	0.0	0.005155	0.010309
17	0.969072	0.005155	0.0	0.025773
18	0.005155	0.134021	0.025773	0.835052
19	0.041237	0.927835	0.015464	0.015464
20	0.020619	0.835052	0.0	0.14433
21	0.963918	0.0	0.020619	0.015464
22	0.06701	0.036082	0.876289	0.020619
23	0.639175	0.170103	0.041237	0.149485
