Pos	A	C	G	T
1	0.180043	0.095445	0.62039	0.104121
2	0.032538	0.952278	0.013015	0.002169
3	0.004338	0.995662	0.0	0.0
4	0.683297	0.013015	0.223427	0.08026
5	0.0282	0.529284	0.442516	0.0
6	0.043384	0.744035	0.043384	0.169197
7	0.954447	0.013015	0.023861	0.008677
8	0.0	0.0	1.0	0.0
9	0.27115	0.002169	0.726681	0.0
10	0.006508	0.032538	0.828633	0.132321
11	0.0	0.0	1.0	0.0
12	0.0282	0.004338	0.941432	0.02603
13	0.0282	0.958785	0.004338	0.008677
14	0.160521	0.0	0.835141	0.004338
15	0.02603	0.780911	0.16269	0.030369
