Pos	A	C	G	T
1	0.013015	0.093275	0.017354	0.876356
2	0.060738	0.008677	0.744035	0.186551
3	0.0	0.0282	0.954447	0.017354
4	0.0	0.006508	0.0	0.993492
5	0.071584	0.093275	0.735358	0.099783
6	0.136659	0.388286	0.255965	0.219089
7	0.099783	0.492408	0.043384	0.364425
8	0.104121	0.195228	0.145336	0.555315
9	0.151844	0.206074	0.169197	0.472885
10	0.464208	0.101952	0.21692	0.21692
11	0.013015	0.43167	0.058568	0.496746
12	0.006508	0.036876	0.0	0.956616
13	0.002169	0.516269	0.004338	0.477223
14	0.05423	0.746204	0.062907	0.136659
15	0.0282	0.854664	0.002169	0.114967
16	0.0	0.0	0.0	0.0
17	0.03352	0.027933	0.01676	0.921788
18	0.27933	0.0	0.715084	0.005587
19	0.044693	0.005587	0.949721	0.0
20	0.0	0.927374	0.0	0.072626
21	0.0	0.960894	0.0	0.039106
22	0.011173	0.955307	0.0	0.03352
23	1.0	0.0	0.0	0.0
24	0.134078	0.005587	0.832402	0.027933
25	0.005587	0.03352	0.100559	0.860335
26	0.0	0.98324	0.0	0.01676
27	0.988827	0.011173	0.0	0.0
28	0.916201	0.050279	0.022346	0.011173
29	0.072626	0.01676	0.905028	0.005587
30	0.0	0.055866	0.050279	0.893855
31	0.005587	0.011173	0.03352	0.949721
32	0.072626	0.027933	0.899441	0.0
33	0.921788	0.011173	0.055866	0.011173
34	0.005587	0.832402	0.011173	0.150838
35	0.0	0.0	0.0	0.0
36	0.116998	0.503311	0.229581	0.15011
37	0.189845	0.381898	0.15894	0.269316
38	0.214128	0.090508	0.547461	0.147903
39	0.041943	0.057395	0.759382	0.14128
40	0.0	1.0	0.0	0.0
41	0.0	0.0	0.0	1.0
42	0.0	1.0	0.0	0.0
43	0.11479	0.633554	0.006623	0.245033
44	0.792494	0.019868	0.152318	0.03532
45	0.011038	0.041943	0.589404	0.357616
46	0.169978	0.673289	0.134658	0.022075
47	0.472406	0.046358	0.253863	0.227373
48	0.041943	0.565121	0.055188	0.337748
49	0.077263	0.701987	0.081678	0.139073
50	0.094923	0.443709	0.218543	0.242826
