Pos	A	C	G	T
1	0.222917	0.077083	0.652083	0.047917
2	0.102083	0.014583	0.833333	0.05
3	0.0625	0.004167	0.9125	0.020833
4	0.054167	0.03125	0.914583	0.0
5	0.914583	0.025	0.0	0.060417
6	0.116667	0.004167	0.85	0.029167
7	0.1	0.022917	0.877083	0.0
8	0.170833	0.04375	0.764583	0.020833
9	0.229167	0.129167	0.604167	0.0375
10	0.335417	0.195833	0.345833	0.122917
11	0.4125	0.116667	0.385417	0.085417
12	0.19375	0.05625	0.645833	0.104167
13	0.2375	0.039583	0.6375	0.085417
14	0.210417	0.0625	0.68125	0.045833
15	0.352083	0.066667	0.525	0.05625
16	0.264583	0.039583	0.627083	0.06875
17	0.320833	0.022917	0.604167	0.052083
18	0.166667	0.0625	0.733333	0.0375
19	0.383333	0.027083	0.525	0.064583
20	0.264583	0.104167	0.6	0.03125
21	0.339583	0.095833	0.51875	0.045833
