Pos	A	C	G	T
1	0.567121212121212	0.157272727272727	0.242272727272728	0.0333333333333333
2	0.56246212121212	0.00624999999999999	0.359734848484849	0.0715530303030302
3	0.00208333333333333	0.993749999999991	0.00208333333333333	0.00208333333333333
4	0.963446969696961	0.0323863636363636	0.00208333333333333	0.00208333333333333
5	0.206628787878788	0.00208333333333333	0.732234848484843	0.0590530303030302
6	0.0503030303030302	0.0	0.949696969696961	0.0
7	0.0	0.0	0.0303030303030303	0.969696969696961
8	0.121969696969697	0.0	0.623181818181815	0.254848484848485
9	0.10155303030303	0.321856060606061	0.382007575757576	0.194583333333334
