Pos	A	C	G	T
1	0.340530199508062	0.105083356108226	0.300355288330145	0.254031156053567
2	0.220741157104428	0.0717870478178825	0.119845826474485	0.587625968603204
3	0.0169681764162155	0.00323517760464809	0.0134689026805757	0.966327743298561
4	0.00650142218610321	0.000744954625490993	0.00155763239875389	0.991195990789652
5	0.205005796903771	0.0	0.00184136943326741	0.793152833662961
6	0.997410385716233	0.0	0.00143110263050293	0.00115851165326428
7	0.0	0.67353888633226	0.0	0.32646111366774
8	0.0	0.000672359308814631	0.984065084381093	0.0152625563100921
9	0.957916093985208	0.000850841023627201	0.0296485372079325	0.0115845277832319
10	0.0	0.696388637769425	0.0778417471570633	0.225769615073512
11	0.168215359387811	0.393618474993168	0.0780267832741186	0.360139382344903
