Pos	A	C	G	T
1	0.341303	0.132427	0.117054	0.409215
2	0.283785	0.077066	0.364552	0.274597
3	0.491055	0.078208	0.31052	0.120217
4	0.492621	0.076117	0.131007	0.300256
5	0.250645	0.361464	0.176504	0.211387
6	0.276694	0.49807	0.197793	0.027444
7	0.056317	0.014631	0.926202	0.00285
8	0.00447	0.007769	0.983797	0.003964
9	0.936213	0.058787	0.002387	0.002613
10	0.004352	0.00403	0.002418	0.9892
11	0.013277	0.008165	0.001991	0.976567
12	0.968132	0.002263	0.002868	0.026737
13	0.397623	0.052017	0.350783	0.199577
14	0.0	0.0	1.0	0.0
15	1.0	0.0	0.0	0.0
16	0.0	0.0	1.0	0.0
17	0.0	0.0	1.0	0.0
18	1.0	0.0	0.0	0.0
19	0.0	1.0	0.0	0.0
20	1.0	0.0	0.0	0.0
