Pos	A	C	G	T
1	0.290079	0.244656	0.34122	0.124046
2	0.317114	0.250427	0.206044	0.226415
3	0.588561	0.146437	0.176487	0.088516
4	0.803227	0.031771	0.117032	0.047969
5	0.856551	0.013468	0.069298	0.060683
6	0.875075	0.018085	0.014353	0.092487
7	0.819938	0.052103	0.030187	0.097772
8	0.175748	0.07734	0.256044	0.490867
9	0.029678	0.131469	0.032184	0.806669
10	0.051943	0.040122	0.844506	0.063428
11	0.043361	0.864813	0.043396	0.04843
12	0.755747	0.112185	0.090666	0.041401
13	0.451295	0.283133	0.034385	0.231186
14	0.06006	0.285453	0.413352	0.241136
15	0.391556	0.13404	0.406685	0.06772
