Pos	A	C	G	T
1	0.248394	0.496788	0.085653	0.169165
2	0.837259	0.025696	0.137045	0.0
3	0.760171	0.072805	0.053533	0.11349
4	0.237687	0.280514	0.4197	0.062099
5	1.0	0.0	0.0	0.0
6	0.0	0.0	0.008565	0.991435
7	0.0	0.0	1.0	0.0
8	0.0	0.002141	0.991435	0.006424
9	0.021413	0.957173	0.0	0.021413
10	0.057816	0.188437	0.539615	0.214133
11	0.094218	0.104925	0.702355	0.098501
12	0.068522	0.792291	0.047109	0.092077
13	0.11349	0.394004	0.289079	0.203426
14	0.167024	0.346895	0.310493	0.175589
15	0.117773	0.51606	0.226981	0.139186
