Pos	A	C	G	T
1	0.475484606613455	0.0649942987457241	0.428734321550741	0.0307867730900798
2	0.40125786163522	0.358490566037736	0.216352201257862	0.0238993710691824
3	0.0	0.985111662531017	0.00992555831265509	0.00496277915632754
4	0.983890954151177	0.00371747211895911	0.0123915737298637	0.0
5	0.0	0.0572815533980583	0.171844660194175	0.770873786407767
6	0.767149758454106	0.195169082125604	0.0376811594202899	0.0
7	0.0173267326732673	0.0	0.0	0.982673267326733
8	0.0	0.0252100840336134	0.953181272509004	0.021608643457383
9	0.0365699873896595	0.195460277427491	0.348045397225725	0.419924337957125
10	0.0423162583518931	0.396436525612472	0.0746102449888641	0.486636971046771
