Pos	A	C	G	T
1	0.025362	0.0	0.974638	0.0
2	0.014493	0.0	0.960145	0.025362
3	0.0	0.021739	0.978261	0.0
4	0.98913	0.01087	0.0	0.0
5	0.007246	0.0	0.98913	0.003623
6	0.003623	0.956522	0.007246	0.032609
7	0.01087	0.869565	0.0	0.119565
8	0.963768	0.018116	0.01087	0.007246
9	0.043478	0.246377	0.047101	0.663043
10	0.264493	0.021739	0.539855	0.173913
11	0.021739	0.036232	0.927536	0.014493
12	0.663043	0.181159	0.097826	0.057971
13	0.507246	0.025362	0.376812	0.09058
14	0.126812	0.018116	0.782609	0.072464
15	0.126812	0.018116	0.822464	0.032609
