Pos	A	C	G	T
1	0.0	0.328704	0.00463	0.666667
2	0.282407	0.0	0.712963	0.00463
3	0.0	0.00463	0.99537	0.0
4	0.0	0.726852	0.00463	0.268519
5	0.0	0.717593	0.277778	0.00463
6	0.0	0.324074	0.0	0.675926
7	0.0	0.722222	0.0	0.277778
8	0.0	0.990741	0.009259	0.0
9	0.263889	0.717593	0.00463	0.013889
10	0.916667	0.0	0.078704	0.00463
11	0.722222	0.0	0.00463	0.273148
12	0.675926	0.0	0.324074	0.0
13	0.00463	0.00463	0.990741	0.0
14	0.037037	0.013889	0.00463	0.944444
15	0.009259	0.0	0.990741	0.0
16	0.0	1.0	0.0	0.0
17	0.0	0.967593	0.013889	0.018519
18	0.027778	0.310185	0.662037	0.0
19	0.944444	0.0	0.055556	0.0
20	0.0	0.0	1.0	0.0
21	0.726852	0.0	0.273148	0.0
22	0.0	0.277778	0.060185	0.662037
