Pos	A	C	G	T
1	0.467105263157895	0.157894736842105	0.185855263157895	0.189144736842105
2	0.646017699115044	0.0580530973451327	0.217345132743363	0.0785840707964602
3	0.161981258366801	0.102074966532798	0.610776439089692	0.12516733601071
4	0.0630482456140351	0.183662280701754	0.160635964912281	0.59265350877193
5	0.104339346660166	0.00585080448561677	0.889809848854217	0.0
6	0.882922109337204	0.0411223996129656	0.0295113691340106	0.04644412191582
7	0.796943231441048	0.0152838427947598	0.155021834061135	0.0327510917030568
8	0.923582995951417	0.0197368421052632	0.0470647773279352	0.00961538461538462
9	0.0144255538382277	0.0257599175682638	0.940236991241628	0.0195775373518805
10	0.0123609394313968	0.0951792336217552	0.140502678203543	0.751957148743304
11	0.246323529411765	0.076593137254902	0.559129901960784	0.117953431372549
12	0.393403750808364	0.137314076309549	0.234964431989653	0.234317740892434
13	0.363835616438356	0.156712328767123	0.159452054794521	0.32
