Pos	A	C	G	T
1	0.524229074889868	0.0903083700440529	0.354625550660793	0.0308370044052863
2	0.621553884711779	0.12531328320802	0.137844611528822	0.115288220551378
3	0.0167464114832536	0.956937799043062	0.0	0.0263157894736842
4	0.956937799043062	0.00478468899521531	0.0	0.0382775119617225
5	0.0	0.0501618122977346	0.647249190938511	0.302588996763754
6	0.299363057324841	0.636942675159236	0.0525477707006369	0.0111464968152866
7	0.0	0.0123152709359606	0.00246305418719212	0.985221674876847
8	0.0	0.0	1.0	0.0
9	0.0875	0.185	0.045	0.6825
10	0.0131004366812227	0.397379912663755	0.11353711790393	0.475982532751092
