Pos	A	C	G	T
1	0.242826	0.218543	0.443709	0.094923
2	0.139073	0.081678	0.701987	0.077263
3	0.337748	0.055188	0.565121	0.041943
4	0.227373	0.253863	0.046358	0.472406
5	0.022075	0.134658	0.673289	0.169978
6	0.357616	0.589404	0.041943	0.011038
7	0.03532	0.152318	0.019868	0.792494
8	0.245033	0.006623	0.633554	0.11479
9	0.0	0.0	1.0	0.0
10	1.0	0.0	0.0	0.0
11	0.0	0.0	1.0	0.0
12	0.14128	0.759382	0.057395	0.041943
13	0.147903	0.547461	0.090508	0.214128
14	0.269316	0.15894	0.381898	0.189845
15	0.15011	0.229581	0.503311	0.116998
