Pos	A	C	G	T
1	0.873529	0.038235	0.067647	0.020588
2	0.958824	0.005882	0.029412	0.005882
3	0.817647	0.041176	0.076471	0.064706
4	0.514706	0.055882	0.385294	0.044118
5	0.170588	0.629412	0.029412	0.170588
6	0.032353	0.097059	0.020588	0.85
7	0.667647	0.023529	0.267647	0.041176
8	0.088235	0.05	0.041176	0.820588
9	0.044118	0.735294	0.094118	0.126471
10	0.058824	0.744118	0.017647	0.179412
11	0.035294	0.055882	0.0	0.908824
12	0.014706	0.011765	0.026471	0.947059
13	0.017647	0.832353	0.017647	0.132353
14	0.941176	0.020588	0.029412	0.008824
15	0.502941	0.032353	0.311765	0.152941
16	0.864706	0.020588	0.094118	0.020588
17	0.788235	0.082353	0.041176	0.088235
18	0.823529	0.067647	0.079412	0.029412
19	0.047059	0.05	0.032353	0.870588
20	0.167647	0.032353	0.75	0.05
21	0.876471	0.026471	0.073529	0.023529
