Pos	A	C	G	T
1	0.445727482678984	0.114703618167821	0.396715422119579	0.0428534770336156
2	0.00328849028400598	0.0101644245142003	0.00508221225710015	0.981464872944694
3	0.0020460358056266	0.00562659846547315	0.839641943734015	0.152685421994885
4	0.981171548117155	0.00298864315600717	0.00747160789001793	0.00836820083682008
5	0.000902255639097744	0.987368421052632	0.00360902255639098	0.0081203007518797
6	0.00841599038172528	0.00150285542530809	0.986774872257289	0.00330628193567779
7	0.00781015319915891	0.00180234304595975	0.00420546710723941	0.986182036647642
8	0.159797724399494	0.830088495575221	0.00733249051833123	0.00278128950695322
9	0.977665276950566	0.00297796307325789	0.0125074449076831	0.00684931506849315
10	0.0491048593350384	0.397442455242967	0.111253196930946	0.442199488491049
