Pos	A	C	G	T
1	0.263157894736842	0.36390977443609	0.102255639097744	0.270676691729323
2	0.219548872180451	0.203007518796992	0.087218045112782	0.490225563909774
3	0.0255720053835801	0.0619111709286676	0.0174966352624495	0.895020188425303
4	0.172813487881981	0.700737618545838	0.0611169652265543	0.065331928345627
5	0.648097826086957	0.0638586956521739	0.25679347826087	0.03125
6	0.0	0.992537313432836	0.0	0.00746268656716418
7	0.878467635402906	0.0184940554821664	0.101717305151915	0.00132100396301189
8	0.0245566166439291	0.907230559345157	0.0204638472032742	0.0477489768076398
9	0.170556552962298	0.596947935368043	0.0951526032315978	0.137342908438061
10	0.134793597304128	0.251895534962089	0.0530749789385004	0.560235888795282
11	0.195488721804511	0.398496240601504	0.118796992481203	0.287218045112782
12	0.221052631578947	0.345864661654135	0.186466165413534	0.246616541353383
13	0.216867469879518	0.408132530120482	0.143072289156627	0.231927710843373
14	0.171171171171171	0.381381381381381	0.165165165165165	0.282282282282282
15	0.150602409638554	0.308734939759036	0.381024096385542	0.159638554216867
16	0.160660660660661	0.43993993993994	0.175675675675676	0.223723723723724
17	0.186746987951807	0.338855421686747	0.245481927710843	0.228915662650602
18	0.418045112781955	0.318796992481203	0.121804511278195	0.141353383458647
19	0.294294294294294	0.346846846846847	0.153153153153153	0.205705705705706
20	0.509774436090226	0.145864661654135	0.0977443609022556	0.246616541353383
21	0.224397590361446	0.194277108433735	0.170180722891566	0.411144578313253
22	0.195488721804511	0.174436090225564	0.108270676691729	0.521804511278195
23	0.0336787564766839	0.0854922279792746	0.0194300518134715	0.86139896373057
24	0.168094218415418	0.711991434689508	0.0685224839400428	0.0513918629550321
25	0.594701986754967	0.0423841059602649	0.286092715231788	0.0768211920529801
26	0.0102040816326531	0.969387755102041	0.0102040816326531	0.0102040816326531
27	0.87962962962963	0.0277777777777778	0.0846560846560847	0.00793650793650794
28	0.0682110682110682	0.855855855855856	0.0218790218790219	0.0540540540540541
29	0.150858175248419	0.600722673893406	0.0867208672086721	0.161698283649503
30	0.0840840840840841	0.261261261261261	0.0705705705705706	0.584084084084084
