Pos	A	C	G	T
1	0.0894431305095678	0.149430230058052	0.11244893571275	0.64867770371963
2	0.0617529880478088	0.0564409030544489	0.792828685258964	0.0889774236387782
3	0.562669293277518	0.142821965033243	0.268899285890175	0.0256094557990643
4	0.0261503645964295	0.0676389238119185	0.0040231330148353	0.902187578576817
5	0.00207660359944624	0.0712967235809875	0.864559298569451	0.0620673742501154
6	0.991805517618137	0.00355094236547391	0.00355094236547391	0.00109259765091505
7	0.00439163006974942	0.987341772151899	0.00206664944458796	0.00619994833376389
8	0.00750711881957028	0.00181206316334455	0.987833290188972	0.00284752782811287
9	0.000824855650261204	0.00192466318394281	0.00219961506736321	0.995050866098433
10	0.0648298217179903	0.866867330400556	0.0650613567955545	0.00324149108589951
11	0.904426559356137	0.00553319919517103	0.057092555331992	0.0329476861167002
12	0.0265486725663717	0.276057030481809	0.143313667649951	0.554080629301868
13	0.091494559182767	0.784588052409505	0.0564068398845214	0.0675105485232067
14	0.666885389326334	0.101487314085739	0.147200349956255	0.084426946631671
