Pos	A	C	G	T
1	0.415843290441176	0.103429457720588	0.457261029411765	0.0234662224264706
2	0.000425072752836543	0.00163489520321747	0.00395644639178629	0.99398358565216
3	0.000638647284228453	0.00100358858950186	0.924487561583845	0.0738702025424244
4	0.992523181402638	0.00382003395585739	0.00222019067519916	0.00143659396630534
5	0.0024869109947644	0.99473167539267	0.000818062827225131	0.00196335078534031
6	0.00202945990180033	0.000654664484451719	0.99505728314239	0.00225859247135843
7	0.00176217204020363	0.00225166427359353	0.00398120349823783	0.992004960187965
8	0.0734095608806715	0.924431334387544	0.00130762680939059	0.000851477922393869
9	0.99356124983658	0.00375866126291018	0.00225519675774611	0.00042489214276376
10	0.0254183860614397	0.463921366345713	0.103478908757451	0.407181338835397
