Pos	A	C	G	T
1	0.224440411373261	0.128251663641863	0.117362371445856	0.52994555353902
2	0.164549304295221	0.200846944948578	0.155474894131881	0.479128856624319
3	0.0824175824175824	0.027972027972028	0.825674325674326	0.0639360639360639
4	0.371065375302663	0.26089588377724	0.011501210653753	0.356537530266344
5	0.279891304347826	0.066304347826087	0.0353260869565217	0.618478260869565
6	0.989820359281437	0.00239520958083832	0.00419161676646707	0.00359281437125748
7	0.012987012987013	0.933370976849238	0.0124223602484472	0.0412196499153021
8	0.829819277108434	0.0115461847389558	0.0215863453815261	0.137048192771084
9	0.0	0.0390050876201244	0.0265686828716789	0.934426229508197
10	0.124416796267496	0.0103680663556247	0.00829445308449974	0.856920684292379
11	0.023121387283237	0.0104046242774566	0.955491329479769	0.0109826589595376
12	0.00711321873147599	0.00889152341434499	0.004149377593361	0.979845880260818
13	0.526204340921122	0.0391741662255161	0.0857596611964002	0.348861831656961
14	0.360943168077388	0.0090689238210399	0.288391777509069	0.341596130592503
15	0.0606356968215159	0.808312958435208	0.0381418092909535	0.0929095354523227
16	0.431076178960097	0.142684401451028	0.201934703748489	0.224304715840387
17	0.445251058681186	0.115547489413188	0.150030248033878	0.289171203871748
