Pos	A	C	G	T
1	0.105945945945946	0.468108108108108	0.165405405405405	0.260540540540541
2	0.530100334448161	0.0392976588628763	0.244147157190635	0.186454849498328
3	0.165450121654501	0.750202757502028	0.0794809407948094	0.0048661800486618
4	0.0219895287958115	0.968586387434555	0.0	0.00942408376963351
5	0.979872881355932	0.0	0.00847457627118644	0.0116525423728814
6	0.00322234156820623	0.0	0.00322234156820623	0.993555316863588
7	0.985090521831736	0.0053248136315229	0.00958466453674121	0.0
8	0.0	0.0021551724137931	0.00107758620689655	0.99676724137931
9	0.0126182965299685	0.0	0.972660357518402	0.0147213459516299
10	0.00158353127474268	0.0736342042755344	0.732383214568488	0.192399049881235
11	0.190909090909091	0.226446280991736	0.0446280991735537	0.53801652892562
12	0.260540540540541	0.2	0.447567567567568	0.0918918918918919
