Pos	A	C	G	T
1	0.280200761509173	0.317757009345794	0.341813776393216	0.0602284527518172
2	0.840803259604191	0.0168800931315483	0.0416181606519208	0.10069848661234
3	0.00814111261872456	0.00763229308005427	0.00424016282225237	0.979986431478969
4	0.00744259699129058	0.0741092636579572	0.00348376880443389	0.914964370546318
5	0.309286117912978	0.544170276888303	0.108683367865888	0.037860237332831
6	0.000691682517724365	0.0	0.999135396852845	0.000172920629431091
7	0.194009834599911	0.153553866785874	0.00670540902995083	0.645730889584265
8	0.00943513345747983	0.71731843575419	0.00235878336436996	0.27088764742396
9	0.927298988926336	0.00497512437810945	0.0303322099181512	0.0373936767774033
10	0.00698821594957523	0.791723759934229	0.000274047684297068	0.201013976431899
11	0.225780836421387	0.00952885124404447	0.764690312334569	0.0
12	0.0185310953720772	0.560589890365771	0.377413408363248	0.0434656058989037
