Pos	A	C	G	T
1	0.205144694533762	0.289067524115756	0.342443729903537	0.163344051446945
2	0.345980707395498	0.216720257234727	0.227331189710611	0.209967845659164
3	0.19081015719468	0.0212817412333736	0.0357920193470375	0.752116082224909
4	0.979527559055118	0.00283464566929134	0.0122834645669291	0.00535433070866142
5	0.997434252726107	0.0	0.00256574727389352	0.0
6	0.00192184497117233	0.00192184497117233	0.0	0.996156310057655
7	0.0	0.974005637331663	0.00814281240212966	0.0178515502662073
8	0.532227185705169	0.00733886407147415	0.460433950223357	0.0
9	0.994563479373201	0.00223856731691717	0.00191877198592901	0.00127918132395267
10	0.000320821302534488	0.00160410651267244	0.000320821302534488	0.997754250882259
11	0.0	0.00508582326764145	0.00635727908455181	0.988556897647807
12	0.796618852459016	0.0343237704918033	0.0171618852459016	0.151895491803279
13	0.2508038585209	0.246945337620579	0.223151125401929	0.279099678456592
14	0.165594855305466	0.376848874598071	0.260128617363344	0.197427652733119
