Pos	A	C	G	T
1	0.43046357615894	0.127483443708609	0.300496688741722	0.141556291390728
2	0.197101449275362	0.549482401656315	0.122981366459627	0.130434782608696
3	0.162748171368861	0.128265412748171	0.631138975966562	0.0778474399164054
4	0.138645418326693	0.481274900398406	0.181274900398406	0.198804780876494
5	0.154098360655738	0.200204918032787	0.150614754098361	0.495081967213115
6	0.725911708253359	0.201151631477927	0.0291746641074856	0.0437619961612284
7	0.904530138524897	0.00074878322725571	0.0947210782478472	0.0
8	0.0	0.00517104216388226	0.0338106603023071	0.961018297533811
9	0.0255415454251536	0.0976398318784352	0.0956999676689298	0.781118655027481
10	0.538324420677362	0.0160427807486631	0.352272727272727	0.0933600713012478
11	0.256930078609847	0.21886636326024	0.339263549855192	0.184940008274721
12	0.173498964803313	0.343685300207039	0.281159420289855	0.201656314699793
13	0.180124223602484	0.253830227743271	0.414906832298137	0.151138716356108
14	0.267080745341615	0.159420289855072	0.262939958592132	0.31055900621118
