Pos	A	C	G	T
1	0.458415841584158	0.127722772277228	0.196039603960396	0.217821782178218
2	0.0222652468538238	0.412391093901258	0.565343659244918	0.0
3	0.0	1.0	0.0	0.0
4	0.143463497453311	0.0	0.856536502546689	0.0
5	0.0	0.0	0.0	1.0
6	0.1609375	0.0	0.78828125	0.05078125
7	0.784603421461897	0.0	0.153965785381026	0.0614307931570762
8	0.0507996237064911	0.949200376293509	0.0	0.0
9	0.0178474851270957	0.0221741481882098	0.414277988101677	0.545700378583018
10	1.0	0.0	0.0	0.0
11	0.998021760633037	0.000989119683481701	0.000989119683481701	0.0
12	0.00493096646942801	0.0	0.0	0.995069033530572
13	0.0237859266600595	0.53617443012884	0.102081268582755	0.337958374628345
