Pos	A	C	G	T
1	0.179140422378659	0.202778806965543	0.463801407928863	0.154279362726936
2	0.35433322673489	0.216608037522652	0.312866432150091	0.116192303592368
3	0.000239578342117873	0.999680562210509	0.0	7.98594473726242e-05
4	0.958499234303216	0.0	0.0415007656967841	0.0
5	0.0	0.999520919833919	0.000159693388693708	0.000319386777387416
6	0.0	0.0	1.0	0.0
7	0.0	0.0431126739030729	0.0	0.956887326096927
8	0.0	0.0	0.999361328436851	0.000638671563148651
9	0.116598588934274	0.313882552649727	0.219351758527399	0.3501670998886
10	0.153511220274646	0.465855383126791	0.200587994492203	0.18004540210636
