Pos	A	C	G	T
1	0.136960316536716	0.340532991970208	0.323146747352496	0.19935994414058
2	0.0416135526989838	0.352756168169742	0.015118121492989	0.590512157638285
3	0.558112800578343	0.337583996017967	0.0349968594081466	0.0693063439955439
4	0.898319814600232	0.0127210438813038	0.00376593279258401	0.0851932087258804
5	0.0283082511676181	0.00282823040996367	0.00793980280228334	0.960923715620135
6	0.0611157186066933	0.0115255146843594	0.0567006537223144	0.870658112986633
7	0.879644794758931	0.00362114853106766	0.0656029276282117	0.0511311290817893
8	0.25519011787426	0.151364209088447	0.487311736790664	0.106133936246629
9	0.088119969732407	0.43351448029167	0.271387952580771	0.206977597395153
10	0.227674314403557	0.236911340632575	0.455900093059593	0.079514251904275
11	0.113595685827852	0.487808279677367	0.203017131168499	0.195578903326282
12	0.0371978634285056	0.106008787098592	0.00558480318692439	0.851208546285978
13	0.838348690591659	0.112439379243453	0.0141125121241513	0.0350994180407372
14	0.972356176524255	0.013567760602664	0.00290644631546021	0.0111696165576206
15	0.0363171287352953	0.00321072194615046	0.0103382582166505	0.950133891101904
16	0.05819244947248	0.0277106902249905	0.0662895640015254	0.847807296301004
17	0.864860225600785	0.0144188327611574	0.0683545855811672	0.0523663560568906
18	0.184366003399198	0.331444890219792	0.367344579204773	0.116844527176238
