Pos	A	C	G	T
1	0.0228571428571429	0.107563025210084	0.00168067226890756	0.867899159663866
2	0.07494512386328	0.0253998118532455	0.862652869238006	0.0370021950454688
3	0.733076676291306	0.0786012191209496	0.105871029836381	0.0824510747513635
4	0.0125495376486129	0.889696169088507	0.0165125495376486	0.0812417437252312
5	0.211845102505695	0.745444191343964	0.00740318906605923	0.0353075170842825
6	0.0110419026047565	0.254246885617214	0.0433182332955832	0.691392978482446
7	0.921691464369616	0.0324980422866092	0.0395458104933438	0.0062646828504307
8	0.137724550898204	0.413547904191617	0.278817365269461	0.169910179640719
9	0.00544267053701016	0.00725689404934688	0.0	0.987300435413643
10	0.182174887892377	0.00924887892376682	0.78054932735426	0.0280269058295964
11	0.871077504725898	0.0846880907372401	0.0347826086956522	0.00945179584120983
12	0.0155826558265583	0.915311653116531	0.00542005420054201	0.0636856368563686
13	0.113506658211795	0.848446417247939	0.0152187698161065	0.0228281547241598
14	0.00796324655436447	0.249617151607963	0.0483920367534456	0.694027565084227
15	0.801255230125523	0.049163179916318	0.116457461645746	0.0331241283124128
16	0.208695652173913	0.297584541062802	0.263285024154589	0.230434782608696
17	0.487179487179487	0.030920060331825	0.00226244343891403	0.479638009049774
18	0.125351320966835	0.0550871275997752	0.0893760539629005	0.730185497470489
