Pos	A	C	G	T
1	0.0532333160889809	0.305897568546301	0.0195033626487325	0.621365752715985
2	0.00307134981886911	0.00291384469995275	0.0481178138289494	0.945896991652229
3	0.000415213419697725	0.000664341471516359	0.997425676797874	0.00149476831091181
4	0.0015745421397199	0.000828706389326262	0.995359244219773	0.00223750725118091
5	0.163013885107542	0.81751973863327	0.0152463925946093	0.00421998366457936
6	0.528809325562032	0.111906744379684	0.173688592839301	0.185595337218984
7	0.254683207060195	0.312546832070602	0.209557905253518	0.223212055615686
8	0.232786612272084	0.275997002747481	0.270751810840063	0.220464574140371
9	0.227310574521232	0.212323064113239	0.311074104912573	0.249292256452956
10	0.176602830974188	0.188925895087427	0.11548709408826	0.518984179850125
11	0.0044411041268106	0.0141432085269199	0.820647717955726	0.160767969390544
12	0.000911048534040086	0.99478217657777	0.0014908066920656	0.0028159681961239
13	0.00116337045039056	0.998088748545787	0.00058168522519528	0.000166195778627223
14	0.940784835905068	0.0505208741286128	0.00438630845147646	0.00430798151484295
15	0.617881578270487	0.0197541025772931	0.310406913935902	0.0519574052163177
