Pos	A	C	G	T
1	0.322404371584699	0.262295081967213	0.240437158469945	0.174863387978142
2	0.417040358744395	0.0690582959641256	0.223318385650224	0.290582959641256
3	0.0502318392581144	0.0811437403400309	0.0525502318392581	0.816074188562597
4	0.974576271186441	0.0	0.00508474576271186	0.0203389830508475
5	0.0194585448392555	0.0473773265651438	0.00676818950930626	0.926395939086294
6	0.0169348010160881	0.00508044030482642	0.940728196443692	0.0372565622353937
7	0.0109729334308705	0.816386247256767	0.0351133869787857	0.137527432333577
8	0.761692650334076	0.0111358574610245	0.0200445434298441	0.207126948775056
9	0.897271268057785	0.0192616372391653	0.028892455858748	0.0545746388443018
10	0.956302521008403	0.0126050420168067	0.0142857142857143	0.0168067226890756
11	0.0311447811447811	0.0303030303030303	0.0345117845117845	0.904040404040404
12	0.0909797822706065	0.102643856920684	0.299377916018663	0.506998444790047
13	0.597677595628415	0.115437158469945	0.120901639344262	0.165983606557377
14	0.156844106463878	0.1606463878327	0.55893536121673	0.123574144486692
15	0.121097445600757	0.294228949858089	0.319772942289499	0.264900662251656
