Pos	A	C	G	T
1	0.025974025974026	0.06448723690103	0.0147783251231527	0.894760412001791
2	0.956896551724138	0.00383141762452107	0.00526819923371648	0.0340038314176245
3	0.925857275254866	0.00695088044485635	0.067191844300278	0.0
4	0.0	1.0	0.0	0.0
5	0.0392871607938437	0.0174159578776833	0.809234507897934	0.134062373430539
6	0.00346534653465347	0.0	0.989108910891089	0.00742574257425743
7	0.115912408759124	0.0478832116788321	0.252846715328467	0.583357664233577
8	0.48086642599278	0.187725631768953	0.151143200962696	0.180264741275572
9	0.286904078116025	0.391010913268237	0.0791211947156806	0.242963813900057
