Pos	A	C	G	T
1	0.160205062479974	0.228772829221403	0.206344120474207	0.404677987824415
2	0.0228501228501229	0.162899262899263	0.0474201474201474	0.766830466830467
3	0.292761050608584	0.527546444586803	0.156310057655349	0.0233824471492633
4	0.762707722385142	0.0957966764418377	0.0889540566959922	0.0525415444770283
5	0.0	0.995851946394384	0.0	0.00414805360561583
6	0.948920644572818	0.0	0.0510793554271815	0.0
7	0.0	0.987345776652958	0.00632711167352104	0.00632711167352104
8	0.0889533478365966	0.754411409233744	0.0652646845540246	0.0913705583756345
9	0.0706786171574904	0.115492957746479	0.0145966709346991	0.799231754161332
10	0.229413649471323	0.296699775712913	0.049983979493752	0.423902595322012
