Pos	A	C	G	T
1	0.194871794871795	0.0697435897435897	0.702564102564103	0.0328205128205128
2	0.0278969957081545	0.734978540772532	0.0	0.237124463519313
3	0.00291120815138282	0.0	0.997088791848617	0.0
4	0.112258064516129	0.00129032258064516	0.00258064516129032	0.883870967741936
5	0.00145772594752187	0.998542274052478	0.0	0.0
6	1.0	0.0	0.0	0.0
7	0.0	0.0338504936530324	0.966149506346968	0.0
8	0.0	0.868187579214195	0.0811153358681876	0.0506970849176172
9	0.0	0.0	0.0	1.0
10	0.0	0.0	0.998542274052478	0.00145772594752187
11	0.00142857142857143	0.02	0.0	0.978571428571429
12	0.0	0.321782178217822	0.0	0.678217821782178
13	0.27007299270073	0.258394160583942	0.356204379562044	0.115328467153285
14	0.180819180819181	0.281718281718282	0.134865134865135	0.402597402597403
