Pos	A	C	G	T
1	0.154471544715447	0.0569105691056911	0.788617886178862	0.0
2	0.0	0.82258064516129	0.0	0.17741935483871
3	0.0	0.0	1.0	0.0
4	0.707482993197279	0.00226757369614512	0.0113378684807256	0.27891156462585
5	0.0	1.0	0.0	0.0
6	0.991935483870968	0.0	0.0	0.00806451612903226
7	0.0352112676056338	0.0985915492957746	0.866197183098592	0.0
8	0.0	0.891304347826087	0.072463768115942	0.036231884057971
9	0.0238095238095238	0.0	0.0	0.976190476190476
10	0.0	0.0	1.0	0.0
11	0.275784753363229	0.00896860986547085	0.0	0.7152466367713
12	0.0	1.0	0.0	0.0
13	0.195121951219512	0.00813008130081301	0.780487804878049	0.016260162601626
14	0.016260162601626	0.682926829268293	0.0569105691056911	0.24390243902439
