Pos	A	C	G	T
1	0.280569998074331	0.219911419218178	0.237049874831504	0.262468707875987
2	0.36683997689197	0.158675139611015	0.221644521471211	0.252840362025804
3	0.241551939924906	0.112063155867912	0.198709925868875	0.447674978338307
4	0.145252964704231	0.0731878464669146	0.0527682267911024	0.728790962037752
5	0.957588050894339	0.00921998893601328	0.0125391849529781	0.0206527752166697
6	0.0156909524683428	0.0196366305744173	0.0116535144063131	0.953018902550927
7	0.00765014155773749	0.625624962351666	0.0156617071260767	0.35106318896452
8	0.0209492028179459	0.0028735632183908	0.96273637374861	0.0134408602150538
9	0.993970714900947	0.00153124700928319	0.00306249401856637	0.00143554407120299
10	0.00184842883548983	0.0344731977818854	0.00378927911275416	0.959889094269871
11	0.00235922269820575	0.64481281430434	0.000745017694170237	0.352082945303284
12	0.111782734547931	0.252894602417844	0.442107951643113	0.193214711391112
13	0.258713652994416	0.218756017716156	0.265838628923551	0.256691700365877
14	0.247641055266705	0.199210475640285	0.193048334296168	0.360100134796842
