Pos	A	C	G	T
1	0.55700871898055	0.00385647216633132	0.0484574111334675	0.390677397719651
2	0.00199269345732315	0.00182663566921289	0.000166057788110262	0.996014613085354
3	0.97595830531271	0.0	0.00100874243443174	0.0230329522528581
4	0.0	0.000342583076396026	0.0	0.999657416923604
5	0.000166140554909453	0.00049842166472836	0.997840172786177	0.00149526499418508
6	0.000620732464307883	0.987119801365611	0.000620732464307883	0.0116387337057728
7	0.972673070553163	0.0	0.000331235508446505	0.0269956939383902
8	0.975810432779332	0.0	0.000822774395260819	0.0233667928254073
9	0.998305659098611	0.0	0.00084717045069468	0.00084717045069468
10	0.00155601659751037	0.00155601659751037	0.0	0.996887966804979
11	0.00725126475548061	0.0107925801011804	0.409443507588533	0.572512647554806
12	0.959498553519769	0.0077145612343298	0.00353584056573449	0.0292510446801671
13	0.0182572614107884	0.0194190871369295	0.935103734439834	0.0272199170124481
14	0.149187592319055	0.389771048744461	0.303545051698671	0.157496307237814
15	0.166609116022099	0.123273480662983	0.0476519337016575	0.66246546961326
