Pos	A	C	G	T
1	0.0476190476190476	0.0	0.952380952380952	0.0
2	0.011686143572621	0.00834724540901502	0.0934891485809683	0.886477462437396
3	0.212765957446809	0.0524822695035461	0.0099290780141844	0.724822695035461
4	0.222222222222222	0.0	0.709876543209877	0.0679012345679012
5	0.0148423005565863	0.836734693877551	0.00927643784786642	0.139146567717996
6	0.040983606557377	0.631147540983607	0.0102459016393443	0.317622950819672
7	0.719438877755511	0.188376753507014	0.030060120240481	0.062124248496994
8	0.326	0.116	0.126	0.432
9	0.0681362725450902	0.032064128256513	0.190380761523046	0.709418837675351
10	0.269617706237425	0.0	0.700201207243461	0.0301810865191147
11	0.133079847908745	0.0133079847908745	0.85361216730038	0.0
12	0.0652818991097923	0.669139465875371	0.0311572700296736	0.234421364985163
13	0.790372670807453	0.0201863354037267	0.0527950310559006	0.136645962732919
14	0.942408376963351	0.0331588132635253	0.00174520069808028	0.0226876090750436
15	0.0299065420560748	0.906542056074766	0.00747663551401869	0.0560747663551402
