Pos	A	C	G	T
1	0.209292763157895	0.275493421052632	0.107319078947368	0.407894736842105
2	0.0795418390073178	0.0964047088768692	0.774101177219217	0.0499522748965956
3	0.188213432439607	0.125033182904168	0.645872046721529	0.040881337934696
4	0.00647773279352227	0.98502024291498	0.00526315789473684	0.00323886639676113
5	0.800855826201448	0.00822909809084924	0.186306780776827	0.00460829493087558
6	0.0	0.994685200327065	0.0	0.0053147996729354
7	0.00449346405228758	0.00163398692810458	0.993872549019608	0.0
8	0.0039177277179236	0.198498204374796	0.00326477309826967	0.794319294809011
9	0.00406008932196508	0.00121802679658952	0.987819732034105	0.00690215184734064
10	0.039667649423747	0.652103993567408	0.132940230501206	0.175288126507639
11	0.0596330275229358	0.744036697247706	0.112844036697248	0.0834862385321101
12	0.424167694204686	0.104808877928483	0.269214960953555	0.201808466913276
