Pos	A	C	G	T
1	0.226401703335699	0.0688431511710433	0.492547906316537	0.212207239176721
2	0.301820728291317	0.0119047619047619	0.684173669467787	0.00210084033613445
3	0.00423131170662906	0.00211565585331453	0.0	0.993653032440056
4	0.0373778033352501	0.144910868315124	0.810235767682576	0.00747556066705003
5	0.0104968509447166	0.0	0.986004198740378	0.00349895031490553
6	0.00877963125548727	0.618525021949078	0.182616330114135	0.190079016681299
7	0.00837988826815642	0.00488826815642458	0.983938547486033	0.00279329608938547
8	0.0118715083798883	0.00418994413407821	0.0	0.983938547486033
9	0.000704225352112676	0.0028169014084507	0.992253521126761	0.00422535211267606
10	0.949460916442049	0.00336927223719677	0.0188679245283019	0.0283018867924528
11	0.00938337801608579	0.321045576407507	0.0462466487935657	0.623324396782842
12	0.257629524485451	0.237757274662881	0.190205819730305	0.314407381121363
