Pos	A	C	G	T
1	0.00726634928589326	0.0633926334252067	0.0102731145076422	0.919067902781258
2	0.0663265306122449	0.00433673469387755	0.923979591836735	0.00535714285714286
3	0.857958778246834	0.0357586292525453	0.104047678172337	0.00223491432828408
4	0.00668604651162791	0.975581395348837	0.00348837209302326	0.0142441860465116
5	0.0205649157581764	0.0406342913776016	0.0396432111000991	0.899157581764123
6	0.0474867390755241	0.0202071230108613	0.00783026016670877	0.924475877746906
7	0.458055458055458	0.201298701298701	0.09003159003159	0.250614250614251
8	0.111326442721792	0.132644272179156	0.0813953488372093	0.674633936261843
9	0.00304723209751143	0.0594210259014728	0.00355510411376333	0.933976637887252
10	0.0408376963350785	0.00287958115183246	0.954973821989529	0.00130890052356021
11	0.944342347072722	0.0265161459700709	0.0249409293777894	0.00420057757941717
12	0.00242522231204527	0.898949070331447	0.00431150633252493	0.0943142010239828
13	0.055183199285076	0.0855674709562109	0.116398570151921	0.742850759606792
14	0.0228047182175623	0.263958060288336	0.0741808650065531	0.639056356487549
15	0.159712230215827	0.317697841726619	0.153093525179856	0.369496402877698
