Pos	A	C	G	T
1	0.0710455764075067	0.218498659517426	0.0871313672922252	0.623324396782842
2	0.118074477747502	0.0445049954586739	0.677565849227975	0.159854677565849
3	0.980289093298292	0.00919842312746386	0.00394218134034166	0.00657030223390276
4	0.0146520146520147	0.0305250305250305	0.043956043956044	0.910866910866911
5	0.816192560175055	0.158643326039387	0.0196936542669584	0.00547045951859956
6	0.0172764227642276	0.758130081300813	0.0711382113821138	0.153455284552846
7	0.146817248459959	0.0739219712525667	0.765913757700205	0.013347022587269
8	0.00440528634361234	0.0231277533039648	0.150881057268722	0.8215859030837
9	0.902055622732769	0.0495767835550181	0.0362756952841596	0.0120918984280532
10	0.005249343832021	0.00918635170603675	0.00656167979002625	0.979002624671916
11	0.144177449168207	0.689463955637708	0.0499075785582255	0.11645101663586
12	0.635388739946381	0.0764075067024129	0.21313672922252	0.0750670241286863
