Pos	A	C	G	T
1	0.509308849783219	0.114192807957154	0.166029074215761	0.210469268043866
2	0.374492900608519	0.00988843813387424	0.0925033806626099	0.523115280594997
3	0.00839227910322503	0.000899172761059825	0.00035966910442393	0.990348879031291
4	0.999034865484377	0.000301604536132223	0.000422246350585113	0.000241283628905779
5	0.000545785324439054	0.000121285627653123	0.0	0.999332929047908
6	0.00154191197084385	0.0	0.998107653490328	0.000350434538828147
7	0.000799954288326381	0.864350608536655	0.0109136620764528	0.123935775098566
8	0.58448087431694	0.000437158469945355	0.000612021857923497	0.414469945355191
9	0.998554303957593	0.000421661345702066	0.000361424010601771	0.000662610686103247
10	0.999879423645023	0.000120576354976789	0.0	0.0
11	0.00182648401826484	0.0	0.0	0.998173515981735
12	0.00890444336153812	0.0104106676117485	0.431843352677978	0.548841536348735
13	0.988569387390606	0.0027981187116747	0.00565577186402334	0.00297672203369649
14	0.0923715288860517	0.0416214490903288	0.856750718161506	0.00925630386211299
15	0.13048275862069	0.283586206896552	0.390068965517241	0.195862068965517
16	0.168753193663771	0.213145120081758	0.112544711292795	0.505556974961676
