Pos	A	C	G	T
1	0.25531914893617	0.276595744680851	0.0212765957446809	0.446808510638298
2	0.0842105263157895	0.242105263157895	0.494736842105263	0.178947368421053
3	0.0	0.770491803278688	0.180327868852459	0.0491803278688525
4	0.229508196721311	0.0	0.770491803278688	0.0
5	0.22093023255814	0.0465116279069767	0.186046511627907	0.546511627906977
6	0.0	0.602564102564103	0.115384615384615	0.282051282051282
7	0.205882352941176	0.0735294117647059	0.691176470588235	0.0294117647058824
8	0.0649350649350649	0.038961038961039	0.285714285714286	0.61038961038961
9	0.0909090909090909	0.0545454545454545	0.854545454545454	0.0
10	0.127906976744186	0.209302325581395	0.116279069767442	0.546511627906977
11	0.129770992366412	0.297709923664122	0.358778625954198	0.213740458015267
12	0.0	0.0816326530612245	0.510204081632653	0.408163265306122
