Pos	A	C	G	T
1	0.290503	0.075419	0.449721	0.184358
2	0.089385	0.776536	0.069832	0.064246
3	0.0	1.0	0.0	0.0
4	0.765363	0.036313	0.053073	0.145251
5	0.044693	0.527933	0.405028	0.022346
6	0.173184	0.416201	0.044693	0.365922
7	0.877095	0.00838	0.055866	0.058659
8	0.0	0.0	0.994413	0.005587
9	0.399441	0.0	0.600559	0.0
10	0.053073	0.00838	0.527933	0.410615
11	0.01676	0.0	0.98324	0.0
12	0.039106	0.019553	0.846369	0.094972
13	0.145251	0.715084	0.036313	0.103352
14	0.494413	0.047486	0.410615	0.047486
15	0.108939	0.472067	0.335196	0.083799
