Pos	A	C	G	T
1	0.617781851512374	0.125572868927589	0.168285976168653	0.0883593033913841
2	0.892478813559322	0.0169491525423729	0.0264830508474576	0.0640889830508475
3	0.0332446808510638	0.0542553191489362	0.0162234042553191	0.896276595744681
4	0.997336490085824	0.0	0.00236756436815626	0.000295945546019532
5	0.999703352121032	0.0	0.0	0.000296647878967665
6	1.0	0.0	0.0	0.0
7	0.0	0.0	0.000296647878967665	0.999703352121032
8	0.0	0.999110584049807	0.000889415950192707	0.0
9	0.998518518518518	0.0	0.0	0.00148148148148148
10	0.00238805970149254	0.670646766169154	0.326965174129353	0.0
11	0.242467718794835	0.000538020086083214	0.152618364418938	0.604375896700143
12	0.0	0.0	1.0	0.0
13	0.0	0.999406880189798	0.0	0.000593119810201661
14	0.850151362260343	0.0391019172552977	0.0156407669021191	0.0951059535822402
