Pos	A	C	G	T
1	0.289688632315912	0.156297979487809	0.448258920346374	0.105754467849905
2	0.0964255005527576	0.479486549563936	0.177742292101707	0.246345657781599
3	0.500946521533365	0.00656649313771888	0.462316611452911	0.0301703738760057
4	0.980962708596903	0.0	0.01704921983252	0.00198807157057654
5	0.000122699386503067	0.998957055214724	0.0	0.000920245398773006
6	0.999508931311767	0.000245534344116383	0.000245534344116383	0.0
7	0.00711938663745893	0.00109529025191676	0.990811731775587	0.000973591335037118
8	0.000368301516174575	0.000122767172058192	0.999508931311767	0.0
9	0.0	0.000981173729073404	0.000490586864536702	0.99852823940639
10	0.00110294117647059	0.000122549019607843	0.997732843137255	0.00104166666666667
11	0.0121951219512195	0.677724132190127	0.0382918504952968	0.271788895363356
12	0.780846880544766	0.0250323694432456	0.157962883038412	0.0361578669735769
