Pos	A	C	G	T
1	0.151340996168582	0.0842911877394636	0.74904214559387	0.0153256704980843
2	0.00942408376963351	0.0178010471204188	0.153926701570681	0.818848167539267
3	0.819706498951782	0.039832285115304	0.127882599580713	0.0125786163522013
4	0.00506329113924051	0.0	0.00506329113924051	0.989873417721519
5	0.0455508474576271	0.828389830508475	0.00847457627118644	0.117584745762712
6	0.675302245250432	0.0526770293609672	0.208981001727116	0.0630397236614853
7	0.0783333333333333	0.204166666666667	0.0658333333333333	0.651666666666667
8	0.102167182662539	0.0340557275541796	0.807017543859649	0.0567595459236326
9	0.893714285714286	0.0205714285714286	0.072	0.0137142857142857
10	0.00445930880713489	0.0668896321070234	0.0568561872909699	0.871794871794872
11	0.856516976998905	0.127053669222344	0.0109529025191676	0.00547645125958379
12	0.00607533414337789	0.37910085054678	0.0437424058323208	0.571081409477521
