Pos	A	C	G	T
1	0.149386845039019	0.0289855072463768	0.798216276477146	0.0234113712374582
2	0.033411488862837	0.400351699882767	0.0679953106682298	0.498241500586166
3	0.64442759666414	0.00530705079605762	0.335860500379075	0.0144048521607278
4	0.965909090909091	0.00113636363636364	0.0238636363636364	0.00909090909090909
5	0.00234741784037559	0.997652582159624	0.0	0.0
6	0.996483001172333	0.0	0.00234466588511137	0.00117233294255569
7	0.00584795321637427	0.0	0.994152046783626	0.0
8	0.00117233294255569	0.0	0.996483001172333	0.00234466588511137
9	0.0	0.00230680507497117	0.0173010380622837	0.980392156862745
10	0.00812064965197216	0.0	0.986078886310905	0.00580046403712297
11	0.0159090909090909	0.457954545454545	0.0181818181818182	0.507954545454545
12	0.865580448065173	0.0315682281059063	0.0325865580448065	0.0702647657841141
13	0.263219741480611	0.205640423031727	0.108108108108108	0.423031727379553
