Pos	A	C	G	T
1	0.407470067673087	0.148230088495575	0.275897969807392	0.168401874023946
2	0.653350683148992	0.165387117761874	0.10266753415745	0.0785946649316851
3	0.834056869980464	0.0264814412850011	0.134794877360538	0.00466681137399609
4	0.0	0.995337391529595	0.000129516901955705	0.00453309156844968
5	0.998960093591577	0.000259976602105811	0.000129988301052905	0.000649941505264526
6	0.790475210861963	0.206336144826167	0.00226290886648838	0.000925735445381609
7	0.000648088139987038	0.000259235255994815	0.00298120544394038	0.996111471160078
8	0.00233221041720653	0.000388701736201088	0.995724280901788	0.00155480694480435
9	0.106571242680547	0.224853610930384	0.340013012361744	0.328562134027326
10	0.119583604424203	0.132075471698113	0.00572543916720885	0.742615484710475
11	0.995208495208495	0.00297850297850298	0.00103600103600104	0.000777000777000777
12	0.00133647798742138	0.00275157232704402	0.391745283018868	0.604166666666667
13	0.00362929358392741	0.0	0.000259235255994815	0.996111471160078
14	0.0	0.000260111848094681	0.999479776303811	0.000260111848094681
15	0.00843933463796477	0.0347358121330724	0.0168786692759295	0.939946183953033
16	0.0994273815720979	0.117907339927121	0.178162415408641	0.60450286309214
17	0.204033832140533	0.250097592713077	0.201171112556929	0.34469746258946
