Pos	A	C	G	T
1	0.45135059871902	0.147479810637705	0.338568643831802	0.0626009468114731
2	0.995178185445879	0.00171811782962922	0.00205065676439616	0.00105303996009533
3	0.991332192348037	0.00485838900237399	0.000993761386849224	0.00281565726273947
4	0.000333518621456365	0.998110061145081	0.000333518621456365	0.00122290161200667
5	0.997610978387688	0.000888938274348575	0.00111117284293572	0.000388910495027502
6	0.48027596950982	0.518778167250876	0.000445112112613364	0.000500751126690035
7	5.56235398820781e-05	0.000778729558349093	0.000389364779174547	0.998776282122594
8	0.000222568439795237	0.0	0.999109726240819	0.000667705319385711
9	0.299676988193362	0.254399643573179	0.172143016261974	0.273780351971486
10	0.544188895695272	0.0133095728685192	0.000835328841120454	0.441666202595088
11	0.999721619063527	0.000222704749178776	5.56761872946941e-05	0.0
12	0.000222518914107699	0.000890075656430797	0.313974187805964	0.684913217623498
13	0.00315859470242713	0.00127452066940042	0.000554139421478444	0.995012745206694
14	5.56792873051225e-05	0.0	0.999777282850779	0.000167037861915367
15	0.00171707100919464	0.00249252243270189	0.00121856652265426	0.994571840035449
16	0.00133163180380625	0.00183099373023359	0.00055484658491927	0.996282527881041
17	0.135832033860548	0.316161728670082	0.128146580530185	0.419859656939185
