Pos	A	C	G	T
1	0.297763841378437	0.108640567591537	0.545990117825922	0.0476054732041049
2	0.217497064250965	0.0752390538500252	0.148653749370911	0.558610132528099
3	0.0185016571366136	0.970207961539862	0.0112903813235241	0.0
4	0.895067535783886	0.0136415563470197	0.0556750218399301	0.0356158860291647
5	0.0103461444988369	0.461826893031976	0.0647849182376836	0.463042044231504
6	0.117778854305438	0.0610693956642848	0.806558071938961	0.0145936780913165
7	0.0297806172463915	0.0619950647331238	0.00774093229219484	0.90048338572829
8	0.00507375058891748	0.00130467872286449	0.965426013844091	0.0281955568441271
9	0.412575970079476	0.365795932678822	0.0717917251051893	0.149836372136512
10	0.184473308806967	0.323935730910729	0.252609054733839	0.238981905548465
