Pos	A	C	G	T
1	0.390419593012786	0.148928507113272	0.309022150189087	0.151629749684855
2	0.325863392171911	0.115579432079816	0.526630851880276	0.0319263238679969
3	0.0	1.0	0.0	0.0
4	0.947772657450077	0.00290151903055129	0.016726403823178	0.0325994196961939
5	0.00400154898670453	0.125984251968504	0.716793597521621	0.15322060152317
6	0.157758173326414	0.720420342501297	0.11987545407369	0.00194603009859886
7	0.0379983036471586	0.00644614079728584	0.0135708227311281	0.941984732824428
8	0.0122037495578352	0.00565970993986558	0.982136540502299	0.0
9	0.0326847065977501	0.521131042870173	0.123137731833384	0.323046518698693
10	0.139384116693679	0.303439582207816	0.141545110750945	0.41563119034756
