Pos	A	C	G	T
1	0.33672525439408	0.173450508788159	0.301110083256244	0.188714153561517
2	0.293328363771897	0.151695862840104	0.512858740216176	0.0421170331718226
3	0.00595238095238095	0.990384615384615	0.0	0.00366300366300366
4	0.952443857331572	0.00792602377807133	0.00352267723469837	0.0361074416556583
5	0.0	0.100068073519401	0.736215112321307	0.163716814159292
6	0.137818419333769	0.706401045068583	0.143043762246897	0.0127367733507511
7	0.0159010600706714	0.0092756183745583	0.019434628975265	0.955388692579505
8	0.00779816513761468	0.0	0.992201834862385	0.0
9	0.0411650485436893	0.564660194174757	0.118834951456311	0.275339805825243
10	0.175138632162662	0.312846580406654	0.152957486136784	0.3590573012939
