Pos	A	C	G	T
1	0.0	0.0	0.0	1.0
2	0.0	0.00335195530726257	0.996648044692737	0.0
3	0.99184581171238	0.00407709414381023	0.000370644922164566	0.00370644922164566
4	0.0	0.0	0.0	1.0
5	0.0	0.010720887245841	0.0	0.989279112754159
6	0.661884739055157	0.0662874103388573	0.271827850605986	0.0
7	0.379714390333211	0.238374221896741	0.381911387770048	0.0
8	0.533018867924528	0.0293904208998549	0.437590711175617	0.0
9	0.0	0.0	0.0	1.0
10	0.0	0.415919282511211	0.0	0.584080717488789
11	0.822878228782288	0.0	0.157749077490775	0.0193726937269373
