Pos	A	C	G	T
1	0.402310960067969	0.0936618521665251	0.2982158028887	0.205811384876805
2	0.275678431816894	0.00322927879440258	0.0112458217664722	0.709846467622231
3	0.136815845631331	0.00276517086952601	0.00240449640828349	0.85801448709086
4	0.0865726667097859	0.00879632624021732	0.00365435612185499	0.900976650928142
5	0.0744227092219444	0.00229445506692161	0.113604941903221	0.809677893807913
6	0.00213894077242875	0.113122853527746	0.884738205699825	0.0
7	0.000271656083398418	0.0	0.999252945770654	0.000475398145947231
8	0.00084886761060745	0.997792944212421	0.000475365861940172	0.000882822315031748
9	0.00081513432734436	0.000305675372754135	0.998301803484699	0.000577386815202255
10	0.000407553321559571	0.999218856133677	0.0	0.00037359054476294
11	0.0	0.882090944656776	0.115742273315477	0.00216678202774685
12	0.80635795771137	0.116367048887064	0.00287398457432769	0.0744010088272383
13	0.89507087628866	0.00351159793814433	0.0103092783505155	0.0911082474226804
14	0.854156684235745	0.00248562529947293	0.00242573071394346	0.140931959750839
15	0.710250247419765	0.0095009189876997	0.00432631132475611	0.275922522267779
16	0.209115008156607	0.295133224578575	0.0956022294725394	0.400149537792278
