Pos	A	C	G	T
1	0.335495987707017	0.114051562233225	0.322007853850094	0.228444596209664
2	0.266999677731228	0.0418949403802771	0.0526909442475024	0.638414437640993
3	0.117752273066031	0.0476971232672529	0.0555969593083917	0.778953644358325
4	0.0636292223095051	0.0312647289866457	0.0380204241948154	0.867085624509034
5	0.103774899011004	0.0254910154617635	0.1505780749408	0.720156010586433
6	0.0223273695105722	0.124057370989206	0.853615259500222	0.0
7	0.0	0.00443989071038251	0.995560109289617	0.0
8	0.000341646737273659	0.999658353262726	0.0	0.0
9	0.0	0.0	1.0	0.0
10	0.0	0.992689561373682	0.00731043862631758	0.0
11	0.000790409695692267	0.762086681596628	0.202740086945067	0.0343828217626136
12	0.566666666666667	0.227934272300469	0.0215962441314554	0.183802816901408
13	0.492964740936931	0.0380731666942559	0.0302929978480384	0.438669094520775
14	0.347007182761373	0.0641660015961692	0.0466081404628891	0.542218675179569
15	0.358813373096845	0.088840056506043	0.05917438392717	0.493172186469942
16	0.171418815093051	0.284445962096637	0.129247054806215	0.414888168004098
