Pos	A	C	G	T
1	0.598214285714286	0.107142857142857	0.279761904761905	0.0148809523809524
2	0.223880597014925	0.492537313432836	0.258706467661692	0.0248756218905473
3	0.0	0.961722488038278	0.0382775119617225	0.0
4	0.926267281105991	0.0	0.0691244239631336	0.00460829493087558
5	0.0	0.0242718446601942	0.0	0.975728155339806
6	0.817073170731707	0.0447154471544715	0.134146341463415	0.0040650406504065
7	0.0	0.110619469026549	0.0	0.889380530973451
8	0.0	0.0473933649289099	0.95260663507109	0.0
9	0.0	0.245192307692308	0.485576923076923	0.269230769230769
10	0.00696864111498258	0.257839721254355	0.0348432055749129	0.700348432055749
