Pos	A	C	G	T
1	0.193969298245614	0.285827850877193	0.23813048245614	0.282072368421053
2	0.376650345370289	0.189756929264667	0.420739704467955	0.0128530208970884
3	0.0	0.0	0.0	1.0
4	0.0	0.0	0.0588250470858381	0.941174952914162
5	0.759330571803251	0.0	0.240669428196749	0.0
6	0.0	0.882520866094109	0.00510463287770654	0.112374501028184
7	0.595276319011728	0.00740115915213191	0.397322521836141	0.0
8	0.0	0.111849633579237	0.0	0.888150366420763
9	0.911086690476785	0.0889133095232149	0.0	0.0
10	1.0	0.0	0.0	0.0
11	0.0158581479948592	0.440412137582504	0.189513581806696	0.354216132615941
12	0.287088815789474	0.246984649122807	0.284046052631579	0.18188048245614
