Pos	A	C	G	T
1	0.23960396039604	0.429306930693069	0.15986798679868	0.171221122112211
2	0.0969196919691969	0.353575357535754	0.0696369636963696	0.47986798679868
3	0.565352928078379	0.0334001336005344	0.278111779113783	0.123135159207304
4	0.86920605782469	0.0187012391005048	0.0461220743460303	0.0659706287287747
5	0.0044606174433619	0.0859255781194976	0.0203075478342528	0.889306256602888
6	0.0113469216221895	0.795965538978777	0.00357217902920782	0.189115360369826
7	0.174510221465077	0.00724020442930153	0.80664395229983	0.0116056218057922
8	0.969293756397134	0.00307062436028659	0.0144575230296827	0.0131780962128966
9	0.0185746777862017	0.0208491281273692	0.00328531715946424	0.957290876926965
10	0.134203990064899	0.607002644018909	0.0309270090537617	0.227866356862431
11	0.744643208177708	0.0396107725574995	0.168566935325339	0.0471790839394535
12	0.182310231023102	0.1803300330033	0.506930693069307	0.13042904290429
