Pos	A	C	G	T
1	0.620356829482305	0.0833577069318514	0.171687627961392	0.124597835624452
2	0.657339099465785	0.0490969219028237	0.0811498346476724	0.212414143983719
3	0.696502340952906	0.0184522170201047	0.0402093087303773	0.244836133296612
4	0.091710758377425	0.0423280423280423	0.00453514739229025	0.861426051902242
5	0.0347364818617385	0.316221765913758	0.0639972621492129	0.585044490075291
6	0.0	0.00029120559114735	0.99563191613279	0.0040768782760629
7	0.578408425980105	0.1255119953189	0.00146284376828555	0.294616734932709
8	0.0450549450549451	0.0104395604395604	0.00521978021978022	0.939285714285714
9	0.991589327146172	0.000870069605568445	0.00319025522041763	0.00435034802784223
10	0.00116516166618118	0.995921934168366	0.00233032333236237	0.000582580833090591
11	0.882094943240454	0.00283797729618163	0.011609907120743	0.103457172342621
12	0.194172597864769	0.0264679715302491	0.0189056939501779	0.760453736654804
13	0.0752712477396022	0.100361663652803	0.0515370705244123	0.772830018083183
