Pos	A	C	G	T
1	0.220596955920142	0.149831982605258	0.618304012650721	0.0112670488238782
2	0.00482444384883409	0.00536049316537121	0.151433931921737	0.838381131064058
3	0.0	0.995227489659561	0.00318167356029271	0.00159083678014636
4	0.996178343949045	0.0	0.00191082802547771	0.00191082802547771
5	0.0	0.990500316656111	0.00443318556048132	0.00506649778340722
6	0.00600505689001264	0.00537294563843236	0.988621997471555	0.0
7	0.0	0.00949968334388854	0.0	0.990500316656111
8	0.000638162093171666	0.0	0.998085513720485	0.00127632418634333
9	0.855813953488372	0.128317373461012	0.00984952120383037	0.00601915184678523
10	0.00474027256567253	0.617815524392653	0.149516097175588	0.227928105866087
