Pos	A	C	G	T
1	0.694444444444444	0.0648148148148148	0.240740740740741	0.0
2	0.213333333333333	0.526666666666667	0.246666666666667	0.0133333333333333
3	0.0	0.9375	0.05625	0.00625
4	0.797872340425532	0.074468085106383	0.111702127659574	0.0159574468085106
5	0.0127388535031847	0.0318471337579618	0.0	0.955414012738854
6	0.882352941176471	0.0	0.0882352941176471	0.0294117647058824
7	0.0116279069767442	0.116279069767442	0.0	0.872093023255814
8	0.0	0.0	1.0	0.0
9	0.0133333333333333	0.18	0.546666666666667	0.26
10	0.0	0.271028037383178	0.0280373831775701	0.700934579439252
