Pos	A	C	G	T
1	0.502613654364011	0.117218438143513	0.152383969586567	0.227783937905908
2	0.51797517330324	0.0825407061099468	0.174109301950669	0.225374818636144
3	0.193605015673981	0.139059561128527	0.0890282131661442	0.578307210031348
4	0.0813540813540814	0.161752661752662	0.127354627354627	0.629538629538629
5	0.000432900432900433	0.0	0.998268398268398	0.0012987012987013
6	0.337276106792835	0.220682663061845	0.0	0.442041230145319
7	0.185429344151454	0.0344827586206897	0.00050709939148073	0.779580797836376
8	0.981067857902574	0.0	0.0110614762816422	0.00787066581578388
9	0.000649069666810904	0.997836434443964	0.0	0.00151449588922544
10	0.86399400524541	0.00187336080929187	0.0419632821281379	0.09216935181716
11	0.247044334975369	0.0559113300492611	0.129064039408867	0.567980295566502
12	0.121824638077028	0.135618683419831	0.112674132750615	0.629882545752527
