Pos	A	C	G	T
1	0.266077022295928	0.0636324550089061	0.108838523432222	0.561451999262945
2	0.189166895793236	0.0509210888094583	0.0532306846301897	0.706681330767116
3	0.136759956942949	0.0256189451022605	0.16291711517761	0.67470398277718
4	0.0574866310160428	0.0297156052503646	0.0948590179873602	0.817938745746232
5	0.0196478220574606	0.13444547420451	0.844670991658943	0.00123571207908557
6	0.000714336738338453	0.00357168369169226	0.995713979569969	0.0
7	0.00107280789586611	0.99799742526105	0.000143041052782148	0.000786725790301817
8	0.000643270674004717	0.000500321635337002	0.997069544707312	0.00178686298334644
9	0.0	0.996212121212121	0.00378787878787879	0.0
10	0.00158219215450925	0.749086147634896	0.217851492170877	0.0314801680397185
11	0.602159509202454	0.222822085889571	0.0521226993865031	0.122895705521472
12	0.311408540471638	0.127533460803059	0.0333970681963034	0.527660930528999
13	0.304989783138883	0.0597192011073759	0.055764287126755	0.579526728626986
14	0.30629290617849	0.163787185354691	0.137128146453089	0.39279176201373
