Pos	A	C	G	T
1	0.256307189542484	0.130490196078431	0.607385620915033	0.00581699346405229
2	0.00384932636788562	0.00279534414810741	0.14164604527541	0.851709284208597
3	0.00102051777849393	0.998281233215168	0.00059082608228596	0.000107422924051993
4	0.995287565599229	0.000267751954589269	0.00299882189139981	0.00144586055478205
5	0.00037487281101055	0.995340866491726	0.000803298880736893	0.00348096181652654
6	0.00358749196830156	0.000803169843649604	0.995180980938102	0.000428357249946455
7	0.00139178844815588	0.00289063754616991	0.000802954873936085	0.994914619131738
8	0.00059073089522582	0.00059073089522582	0.998120401697009	0.000698136512539606
9	0.850812542915999	0.141313801785306	0.00283817807278553	0.00503547722590982
10	0.0052648790058862	0.607782864617397	0.130706344015697	0.25624591236102
