Pos	A	C	G	T
1	0.215706474364054	0.521039702036611	0.142404310959664	0.12084951263967
2	0.0292980594299576	0.481958762886598	0.0141373559733172	0.474605821710127
3	0.499905177318415	0.0052721410961502	0.457348757822871	0.037473923762564
4	0.944783438775128	0.00602702803878262	0.0362744731029836	0.0129150600831056
5	0.00428670734533097	0.0189619216806982	0.00208542519502587	0.974665945778945
6	0.00406317080650107	0.967417969947869	0.000766636001226618	0.0277522232444036
7	0.0369429167456856	0.00178266641380618	0.957253935141286	0.00402048169922245
8	0.991046886044137	0.00160998979030865	0.00541899002591691	0.00192413413963716
9	0.00442056324073016	0.0318204336724972	0.00198163179756869	0.961777371289204
10	0.0483843011018943	0.624935000619042	0.0100779992571499	0.316602699021914
11	0.662397312406498	0.0133329833862628	0.309073252670534	0.0151964515367051
12	0.139472224423488	0.201164910056264	0.551430382756161	0.107932482764086
