Pos	A	C	G	T
1	0.236697562650189	0.157912804668726	0.174562306900103	0.430827325780982
2	0.0371188687582855	0.083222860509648	0.021505376344086	0.858152894387981
3	0.191248360558006	0.694646476690116	0.0966972695838798	0.0174078931679981
4	0.783696529459241	0.0404896421845574	0.126849609900457	0.0489642184557439
5	0.0	1.0	0.0	0.0
6	0.928150390313844	0.00111518241198025	0.0686633742233551	0.00207105305082046
7	0.0129564193168433	0.980312973245835	0.0038700992764597	0.00286050816086152
8	0.0947001562312222	0.700156231222209	0.122341064775868	0.0828025477707006
9	0.0944609886837403	0.173079213817749	0.038475282906492	0.693984514592019
10	0.235112407756993	0.345975630684743	0.106916080315771	0.311995881242492
