Pos	A	C	G	T
1	0.378633975481611	0.215061295971979	0.225569176882662	0.180735551663748
2	0.565708622398414	0.115361744301288	0.289197224975223	0.0297324083250743
3	0.0113115255273617	0.00061143381228982	0.872516050137573	0.115560990522776
4	0.00587219343696028	0.0	0.985837651122625	0.00829015544041451
5	0.0178628389154705	0.00223285486443381	0.0695374800637959	0.9103668261563
6	0.000332336324360253	0.948487869724161	0.0136257892987704	0.0375540046527085
7	0.856245638520586	0.00139567341242149	0.139916259595255	0.00244242847173761
8	0.169236159775753	0.472669936930624	0.126138752627891	0.231955150665732
9	0.0960056061667835	0.402592852137351	0.417659425367905	0.0837421163279608
10	0.240364400840925	0.133496846531184	0.461107217939734	0.165031534688157
11	0.0020703933747412	0.0131124913733609	0.0	0.984817115251898
12	0.0330440587449933	0.014018691588785	0.95260347129506	0.000333778371161549
13	0.957718120805369	0.0342281879194631	0.00436241610738255	0.00369127516778523
14	0.00208986415882968	0.994078718216649	0.00104493207941484	0.00278648554510623
15	0.121175401393517	0.864586488942745	0.00363526204180551	0.0106028476219327
16	0.00923266311038162	0.280878128846943	0.124333196553139	0.585556011489536
17	0.153415061295972	0.233625218914186	0.223817863397548	0.389141856392294
