Pos	A	C	G	T
1	0.298791018998273	0.27979274611399	0.246977547495682	0.174438687392055
2	0.643729189789123	0.0566037735849057	0.271920088790233	0.0277469478357381
3	0.00294985250737463	0.00589970501474926	0.855457227138643	0.135693215339233
4	0.0101867572156197	0.0	0.98471986417657	0.00509337860780985
5	0.0237341772151899	0.00158227848101266	0.0569620253164557	0.917721518987342
6	0.00501672240802676	0.969899665551839	0.00668896321070234	0.0183946488294314
7	0.523235800344234	0.0	0.476764199655766	0.0
8	0.146551724137931	0.606896551724138	0.141379310344828	0.105172413793103
9	0.0879310344827586	0.344827586206897	0.48448275862069	0.0827586206896552
10	0.141135972461274	0.141135972461274	0.51118760757315	0.206540447504303
11	0.0	0.118975903614458	0.00753012048192771	0.873493975903614
12	0.0352	0.0304	0.928	0.0064
13	0.968280467445743	0.0233722871452421	0.0	0.00834724540901502
14	0.0	0.989761092150171	0.00170648464163823	0.00853242320819113
15	0.138686131386861	0.846715328467153	0.0	0.0145985401459854
16	0.0153217568947906	0.276813074565884	0.115423901940756	0.59244126659857
17	0.156626506024096	0.351118760757315	0.19104991394148	0.301204819277108
