Pos	A	C	G	T
1	0.145102781136638	0.304715840386941	0.218863361547763	0.331318016928658
2	0.306768558951965	0.0480349344978166	0.0502183406113537	0.594978165938865
3	0.460048426150121	0.0	0.539951573849879	0.0
4	0.134932533733133	0.0	0.245877061469265	0.619190404797601
5	0.0	0.0	0.977514792899408	0.0224852071005917
6	0.0	0.0488069414316703	0.0553145336225597	0.89587852494577
7	0.733570159857904	0.225577264653641	0.0408525754884547	0.0
8	0.717183770883055	0.268496420047733	0.013126491646778	0.00119331742243437
9	0.862212943632568	0.0	0.0532359081419624	0.0845511482254697
10	0.00360576923076923	0.5	0.00360576923076923	0.492788461538462
11	0.950517836593786	0.0310701956271577	0.00690448791714614	0.0115074798619102
12	0.383777239709443	0.207021791767554	0.165859564164649	0.243341404358354
