Pos	A	C	G	T
1	0.0423528660794076	0.0673752074556364	0.856919443380569	0.0333524830843866
2	0.120319507470212	0.160019106759016	0.712496351139771	0.00716503463100072
3	0.000743687948536794	0.998363886513219	0.0	0.000892425538244153
4	0.948694392424296	0.0	0.0502102399208509	0.00109536765485319
5	0.000558305728216772	0.99933003312614	0.000111661145643354	0.0
6	0.00156157049375372	0.0	0.99825252825699	0.000185901249256395
7	0.00234045358649789	0.110363924050633	0.0022415611814346	0.885054061181435
8	0.00037202380952381	3.7202380952381e-05	0.998846726190476	0.000744047619047619
9	0.00596589066856883	0.393165164386227	0.123500421503145	0.47736852344206
10	0.0697033836875526	0.590768070979153	0.151816521209661	0.187712024123634
