Pos	A	C	G	T
1	0.181148748159057	0.247422680412371	0.298969072164948	0.272459499263623
2	0.111111111111111	0.214285714285714	0.402777777777778	0.271825396825397
3	0.197846567967699	0.27321668909825	0.243606998654105	0.285329744279946
4	0.679802955665025	0.0	0.320197044334975	0.0
5	0.0909090909090909	0.401185770750988	0.233201581027668	0.274703557312253
6	0.265957446808511	0.0141843971631206	0.719858156028369	0.0
7	0.0	0.207547169811321	0.245283018867925	0.547169811320755
8	0.16497461928934	0.0812182741116751	0.515228426395939	0.238578680203046
9	0.268888888888889	0.251111111111111	0.282222222222222	0.197777777777778
10	0.0297029702970297	0.326732673267327	0.430693069306931	0.212871287128713
