Pos	A	C	G	T
1	0.110903426791277	0.469781931464174	0.149532710280374	0.269781931464174
2	0.524493794905291	0.164271717831483	0.196603527106466	0.11463096015676
3	0.0334872979214781	0.927251732101617	0.00866050808314088	0.0306004618937644
4	0.0745679012345679	0.793086419753086	0.077037037037037	0.0553086419753086
5	0.150973172014729	0.844818516570226	0.0	0.00420831141504471
6	0.0988884630126485	0.186661556151782	0.615561517822921	0.0988884630126485
7	0.0	0.811931243680485	0.0111223458038423	0.176946410515672
8	0.803803803803804	0.145145145145145	0.032032032032032	0.019019019019019
9	0.0	0.427320490367776	0.0624635143023935	0.510215995329831
