Pos	A	C	G	T
1	0.118445342513596	0.24866536945567	0.358479269570424	0.27441001846031
2	0.523358705994291	0.393054234062797	0.032302568981922	0.0512844909609895
3	0.999850411368736	0.0	0.000149588631264024	0.0
4	0.999102736653208	0.000847415383081601	0.0	4.98479637106824e-05
5	0.0	0.0	0.0	1.0
6	0.000398962696987832	0.999451426291642	0.0	0.000149611011370437
7	0.842885199071594	0.0	0.000312444206391716	0.156802356722014
8	0.0373173173173173	0.679199199199199	0.283483483483483	0.0
9	0.37274859053036	0.0263433617721898	0.0455021703337824	0.555405877363668
10	0.0432596064645281	0.0	0.941360285142327	0.0153801083931449
11	0.0131734949282045	0.808062178896061	0.00232731743731612	0.176437008738418
12	0.489523049291559	0.111205348233885	0.227050488924366	0.17222111355019
13	0.241879958090106	0.281794142593424	0.13106820336277	0.3452576959537
14	0.104026343361772	0.285835453774385	0.22002694207454	0.390111260789303
15	0.0469490595220276	0.20890086314424	0.196427680486953	0.547722396846779
16	0.00548644941588233	0.901149316558672	0.0723643759163789	0.0209998581090668
17	0.971992924528302	0.0	0.000147405660377358	0.0278596698113208
18	0.0483987889642233	0.748496865805296	0.0407658522024647	0.162338493028016
19	0.0414290588292635	0.0	0.0	0.958570941170736
20	0.180096347840408	0.53485403713921	0.144933503520402	0.140116111499979
21	0.290325799531008	0.298757671007334	0.207004939380332	0.203911590081325
