Pos	A	C	G	T
1	0.010881525858907	0.187308961975792	0.409096466560704	0.392713045604597
2	0.888917625759731	0.0429328850381482	0.0681494892021208	0.0
3	0.000555632726767607	0.998333101819697	0.0	0.00111126545353521
4	0.0	0.999861053216618	0.0	0.000138946783381965
5	0.0160944206008584	0.938170600858369	0.000536480686695279	0.0451984978540773
6	0.000277777777777778	0.999722222222222	0.0	0.0
7	0.0125707970714187	0.987429202928581	0.0	0.0
8	0.00178473366282262	0.985310269082922	0.0	0.0129049972542559
9	0.887764253683536	0.0	0.108392056374119	0.00384368994234465
10	0.00608143839238498	0.920280274986779	0.0508989952406134	0.0227392913802221
11	0.261412949140774	0.154139906266273	0.412428397847596	0.172018746745357
12	0.37272064186725	0.0132202771699489	0.391137855579869	0.222921225382932
13	0.558967112024666	0.0492034943473792	0.0471479958890031	0.344681397738952
14	0.00537634408602151	0.0719905586152636	0.907815368476265	0.0148177288224495
15	0.247498610339077	0.501389660922735	0.0764313507504169	0.174680377987771
