Pos	A	C	G	T
1	0.273314681588063	0.121502797761791	0.248401278976819	0.356781241673328
2	0.0949859520207478	0.0109141992651826	0.0829911389669332	0.811108709747136
3	0.0228997729484269	0.0	0.00324359390204346	0.97385663314953
4	0.225158778938742	0.0	0.00594140544970293	0.768899815611555
5	1.0	0.0	0.0	0.0
6	0.0	0.883838681189285	0.0	0.116161318810715
7	0.0201252236135957	0.0	0.959110656785075	0.0207641196013289
8	0.976199765899337	0.0	0.0171023540122253	0.00669788008843803
9	0.00197502178332849	0.516874818472263	0.126052860877142	0.355097298867267
10	0.198907540634159	0.315614175326406	0.315014654942713	0.170463629096723
