Pos	A	C	G	T
1	0.394618834080717	0.170403587443946	0.360986547085202	0.0739910313901345
2	0.219946571682992	0.113089937666963	0.268922528940338	0.398040961709706
3	0.0	0.0458167330677291	0.0637450199203187	0.890438247011952
4	0.0	0.0411522633744856	0.0390946502057613	0.919753086419753
5	0.130353817504655	0.037243947858473	0.0	0.832402234636871
6	1.0	0.0	0.0	0.0
7	0.0	0.980263157894737	0.0	0.0197368421052632
8	0.0	0.0407725321888412	0.959227467811159	0.0
9	0.99554565701559	0.0044543429844098	0.0	0.0
10	0.0	0.760204081632653	0.0136054421768707	0.226190476190476
