Pos	A	C	G	T
1	0.263157894736842	0.135338345864662	0.278195488721804	0.323308270676692
2	0.515503875968992	0.116279069767442	0.232558139534884	0.135658914728682
3	0.107476635514019	0.621495327102804	0.135514018691589	0.135514018691589
4	0.297959183673469	0.0489795918367347	0.542857142857143	0.110204081632653
5	0.188571428571429	0.491428571428571	0.0457142857142857	0.274285714285714
6	0.281167108753316	0.20159151193634	0.352785145888594	0.164456233421751
7	0.150375939849624	0.345864661654135	0.180451127819549	0.323308270676692
8	0.330827067669173	0.218045112781955	0.225563909774436	0.225563909774436
9	0.272727272727273	0.181818181818182	0.28030303030303	0.265151515151515
10	0.255639097744361	0.240601503759398	0.195488721804511	0.308270676691729
11	0.253731343283582	0.253731343283582	0.253731343283582	0.238805970149254
12	0.402985074626866	0.171641791044776	0.238805970149254	0.186567164179104
13	0.174358974358974	0.341025641025641	0.192307692307692	0.292307692307692
14	0.286516853932584	0.0730337078651685	0.466292134831461	0.174157303370787
15	0.0813953488372093	0.515503875968992	0.0813953488372093	0.321705426356589
16	0.116161616161616	0.126262626262626	0.671717171717172	0.0858585858585859
17	0.139194139194139	0.245421245421245	0.128205128205128	0.487179487179487
18	0.308270676691729	0.233082706766917	0.135338345864662	0.323308270676692
