Pos	A	C	G	T
1	0.535295525245274	0.072505384063173	0.326393874132568	0.0658052165589854
2	0.0516670346654891	0.465665709869728	0.0256127180393023	0.45705453742548
3	0.000717360114777618	0.0	0.999282639885222	0.0
4	0.0	0.00946073793755913	0.98841059602649	0.0021286660359508
5	0.958926112895824	0.0174391922900413	0.00688389169343736	0.0167508031206976
6	0.972538980684198	0.0111705841284617	0.0118687456364906	0.00442168955084943
7	0.686770747740345	0.0331963845521775	0.0933442892358258	0.186688578471652
8	0.409428092845178	0.153864560899737	0.262263699449629	0.174443646805456
9	0.184493898061737	0.160325436707346	0.350083752093802	0.305096913137114
10	0.100792048454729	0.237148625562976	0.0130455039602423	0.649013822022053
11	0.86701244813278	0.0848547717842324	0.0105809128630705	0.037551867219917
12	0.00116877045348294	0.976858345021038	0.0168302945301543	0.00514258999532492
13	0.245273988992582	0.248863364441254	0.326872457525724	0.17899018904044
