Pos	A	C	G	T
1	0.183279742765273	0.0795819935691318	0.578778135048232	0.158360128617363
2	0.0946656649135988	0.0330578512396694	0.701728024042074	0.170548459804658
3	0.0261854210898797	0.0276008492569002	0.803963198867657	0.142250530785563
4	0.560171919770774	0.078080229226361	0.318767908309456	0.0429799426934097
5	0.124277456647399	0.848265895953757	0.00939306358381503	0.0180635838150289
6	0.13	0.0	0.825	0.045
7	0.0	0.988085782366958	0.00476568705321684	0.00714853057982526
8	0.993625498007968	0.0	0.00557768924302789	0.000796812749003984
9	0.0	0.0595419847328244	0.916030534351145	0.0244274809160305
10	0.10065170166546	0.87400434467777	0.0253439536567705	0.0
11	0.0	0.00552486187845304	0.0134175217048145	0.981057616416732
12	0.00640512409927942	0.0	0.993594875900721	0.0
13	0.233817701453104	0.490752972258917	0.181638044914135	0.0937912813738441
14	0.00239808153477218	0.00959232613908873	0.442046362909672	0.545963229416467
15	0.266881028938907	0.338424437299035	0.258842443729904	0.135852090032154
16	0.078740157480315	0.801717967072298	0.00930565497494631	0.110236220472441
17	0.156791907514451	0.666907514450867	0.065028901734104	0.111271676300578
18	0.22588424437299	0.45096463022508	0.122990353697749	0.20016077170418
