Pos	A	C	G	T
1	0.443919852602487	0.0493436204514049	0.489002763703362	0.0177337632427453
2	0.463741282478553	0.267543047583781	0.262790841202246	0.00592482873541937
3	0.0	1.0	0.0	0.0
4	0.994354096348573	0.0	0.00116600184105554	0.00447990181037128
5	5.99952003839693e-05	0.00935925125989921	0.0184785217182625	0.972102231821454
6	0.971053577849694	0.0196571976507252	0.00928922449958049	0.0
7	0.0	0.00252261121023811	0.000553743924198609	0.996923644865563
8	0.0	0.000554187192118227	0.997721674876847	0.00172413793103448
9	0.00722088502129235	0.257730049990742	0.265938406467938	0.469110658520027
10	0.0212839591624849	0.482494087789122	0.0441252811905174	0.452096671857876
