Pos	A	C	G	T
1	0.0636942675159236	0.936305732484076	0.0	0.0
2	0.0	0.933926302414231	0.0	0.0660736975857687
3	0.543266475644699	0.0750716332378223	0.0825214899713467	0.299140401146132
4	0.514321295143213	0.0261519302615193	0.0585305105853051	0.400996264009963
5	0.820770519262982	0.0	0.0	0.179229480737018
6	0.192202086765513	0.000549148819330038	0.0	0.807248764415156
7	0.365717821782178	0.0464108910891089	0.0439356435643564	0.543935643564356
8	0.225188624492165	0.0696459663377829	0.0771909460243761	0.627974463145676
9	0.456152277362339	0.0	0.543847722637661	0.0
10	0.0	0.0	0.962671905697446	0.037328094302554
