Pos	A	C	G	T
1	0.341269841269841	0.119047619047619	0.515873015873016	0.0238095238095238
2	0.565573770491803	0.0655737704918033	0.319672131147541	0.0491803278688525
3	0.0	0.885245901639344	0.114754098360656	0.0
4	0.857142857142857	0.0	0.142857142857143	0.0
5	0.0176470588235294	0.211764705882353	0.135294117647059	0.635294117647059
6	0.794117647058823	0.0367647058823529	0.169117647058824	0.0
7	0.0487804878048781	0.189024390243902	0.103658536585366	0.658536585365854
8	0.0	0.169230769230769	0.830769230769231	0.0
9	0.0357142857142857	0.0	0.392857142857143	0.571428571428571
10	0.0305343511450382	0.541984732824427	0.145038167938931	0.282442748091603
