Pos	A	C	G	T
1	0.236916606001779	0.293213621289331	0.296449081938041	0.173420690770849
2	0.0421476718059967	0.957852328194003	0.0	0.0
3	0.858303249097473	0.0	0.131491252429881	0.0102054984726465
4	7.5046904315197e-05	0.927804878048781	0.0	0.0721200750469043
5	0.0665106447229352	0.0	0.93333836629926	0.00015098897780462
6	0.00779975891654258	0.115578245763313	0.0	0.876621995320145
7	0.0	0.0	0.968735307945463	0.0312646920545369
8	0.182237321038583	0.298552131359702	0.299846315619186	0.219364231982529
9	0.194855617568551	0.304699506592251	0.242336002588369	0.258108873250829
10	0.241850683491062	0.26093990131845	0.262072312545499	0.235137102644989
11	0.253255682277764	0.239747634069401	0.308258513305832	0.198738170347003
12	0.222860378579518	0.293965377770587	0.294774308364342	0.188399935285552
13	0.0237550311735459	0.975692526241023	0.0005524425854313	0.0
14	0.882441113490364	0.0	0.110135617416131	0.00742326909350464
15	0.000453583308134261	0.934608406410644	0.0	0.0649380102812216
16	0.0761299962644752	0.000224131490474412	0.92364587224505	0.0
17	0.00900405526153	0.140903154856004	0.000343666231356107	0.84974912365111
18	0.0	0.0	0.961427793763123	0.0385722062368769
19	0.177141470516865	0.307449648143654	0.27816872927283	0.237240152066651
