Pos	A	C	G	T
1	0.219843577659681	0.295347438082824	0.258146996891607	0.226661987365888
2	0.106576059429343	0.332728347121391	0.0515785919297653	0.5091170015195
3	0.0052387575336115	0.0	0.0700973574408901	0.924663885025498
4	0.000100255651912377	0.0	0.999799488696175	0.000100255651912377
5	0.0	0.000100265704115907	0.999899734295884	0.0
6	0.097661188369153	0.900532779483475	0.000767563662633195	0.00103846848473903
7	0.715669740571962	0.0517061968495461	0.144174530840719	0.0884495317377731
8	0.248069788428758	0.352000401082924	0.15958086834453	0.240348942143788
9	0.24577588368012	0.277563299072449	0.244422160942592	0.232238656304838
10	0.284618469868645	0.193823322972024	0.305825729469568	0.215732477689762
11	0.206868889445976	0.309200300827275	0.120381047881675	0.363549761845074
12	0.00894151764137264	0.00579990333494442	0.803326888996294	0.181931690027388
13	0.0	1.0	0.0	0.0
14	0.000100260677762182	0.999849608983357	0.0	5.01303388810908e-05
15	0.924235403151066	0.0736793327154773	0.0	0.0020852641334569
16	0.693184582768568	0.0548083272512425	0.139610051089563	0.112397038890627
17	0.243920782150915	0.285485083980948	0.26593131110554	0.204662822762597
