Pos	A	C	G	T
1	0.234644133896653	0.284042898927527	0.220019499512512	0.261293467663308
2	0.00165700082850041	0.360501242750621	0.000517812758906379	0.637323943661972
3	0.0586294796821113	0.0176938071674914	0.922777028040186	0.000899685110211426
4	0.811980472357831	0.108061749571184	0.0493468795355588	0.0306108985354268
5	0.00016239038648912	0.999350438454043	0.0	0.00048717115946736
6	0.111159231990761	0.888407680092392	0.0	0.00043308791684712
7	0.000649034561090378	0.439396397858186	0.000811293201362973	0.559143274379361
8	0.932424242424242	0.0242424242424242	0.0403030303030303	0.00303030303030303
9	0.0446936453762392	0.752153421095401	0.126604908174874	0.0765480253534861
10	0.00113525786571521	0.000810898475510866	0.0	0.998053843658774
11	0.430848613286649	0.000737123376025062	0.567032157007279	0.00138210633004699
12	0.774672708962739	0.212990936555891	0.0123363544813696	0.0
13	0.00161890885543144	0.996276509632508	0.0	0.00210458151206087
14	0.102635026932596	0.895909157082545	0.0	0.00145581598485951
15	0.00365717920178089	0.504849737637144	0.0178088726347591	0.473684210526316
16	0.663289502047855	0.176007760293167	0.12545807286053	0.0352446647984479
17	0.199025182778229	0.473761169780666	0.154833468724614	0.172380178716491
18	0.558335989799171	0.0191265540325151	0.00015938795027096	0.422378068218043
19	0.19075011504832	0.0570639668660838	0.0441785549930971	0.708007363092499
20	0.286805329866753	0.323366915827104	0.127559311017225	0.262268443288918
