Pos	A	C	G	T
1	0.198501008936293	0.330931104064572	0.305794176996252	0.164773710002883
2	0.14549117505365	0.394867078351509	0.0948189024657294	0.364822844129111
3	0.0160375912967976	0.00321773328566321	0.0947954440982686	0.885949231319271
4	0.0	0.0	1.0	0.0
5	0.0	0.0	1.0	0.0
6	0.0257792754844145	0.974220724515586	0.0	0.0
7	0.759390596270029	0.0622975221083968	0.10069170825672	0.0776201733648542
8	0.19905459157203	0.457831325301205	0.145788897215657	0.197325185911109
9	0.203216879972328	0.345382220684884	0.274933702294477	0.176467197048311
10	0.256831546177793	0.221722587340021	0.34128905799608	0.180156808486106
11	0.188054882970137	0.29343940966217	0.108958837772397	0.409546869595296
12	0.00904860392967942	0.0	0.896897621509824	0.0940537745604964
13	0.0	1.0	0.0	0.0
14	0.0	1.0	0.0	0.0
15	0.863414634146341	0.118765555002489	0.0114982578397213	0.00632155301144848
16	0.59434641082748	0.116395408600308	0.134041459653932	0.15521672091828
17	0.186660517668761	0.382775119617225	0.247132068945639	0.183432293768375
