Pos	A	C	G	T
1	0.0304393369893401	0.395649762770349	0.00708608047322694	0.566824819767084
2	0.00656478691347396	0.00247524752475248	0.989991390443392	0.000968575118381403
3	0.058117048346056	0.00346055979643766	0.00213740458015267	0.936284987277354
4	0.00804807382766391	0.00332653718210108	0.00150230711449726	0.987123081875738
5	0.82561479088135	0.00116675641716029	0.0973792855860707	0.0758391671154191
6	0.0	0.999891304347826	0.0	0.000108695652173913
7	0.0	0.875761614623001	9.52018278750952e-05	0.124143183549124
8	0.892760093167702	0.00572593167701863	0.0354231366459627	0.0660908385093168
9	0.0904678703164434	0.0085420306736556	0.00805668802174335	0.892933410988158
10	0.935618388934093	0.00355980471928397	0.00152563059397884	0.0592961757526444
11	0.226429163214582	0.0105219552609776	0.000911350455675228	0.762137531068766
12	0.332101315360365	0.173823241656702	0.0459832590498967	0.448092183933036
13	0.100347901717765	0.189823874755382	0.219612959338987	0.490215264187867
14	0.169680611785875	0.000179937022042285	0.827620332883491	0.00251911830859199
15	0.014569797204174	0.00531600708800945	0.90559165189998	0.0745225438078362
