Pos	A	C	G	T
1	0.222175485824851	0.27534281147472	0.250441658955161	0.252040043745268
2	0.438422205989774	0.0752373995617239	0.429802775748722	0.0565376186997809
3	0.0856826684934394	0.626337144964958	0.18612004004848	0.101860146493123
4	0.00285234899328859	0.997147651006711	0.0	0.0
5	0.949588559559	0.0	0.0393864344491492	0.0110250059918511
6	0.323911382734912	0.0744843391902215	0.0174942704354469	0.584110007639419
7	0.515947606009028	0.0356693554355065	0.0847332198623548	0.36364981869311
8	0.0	0.030347528144885	0.0	0.969652471855115
9	0.0	0.0	1.0	0.0
10	0.0748955103141432	0.123837130915464	0.347849534852366	0.453417823918026
11	0.0703000531067446	0.374269782262347	0.140600106213489	0.414830058417419
12	0.267962308598351	0.264008076728925	0.262157159683661	0.205872454989063
