Pos	A	C	G	T
1	0.307287382793223	0.505839776278993	0.144760651422931	0.0421121895048528
2	0.0135768546953289	0.982544043963149	0.00387910134152255	0.0
3	0.999013968775678	0.0	0.0	0.000986031224322103
4	0.000885403491019479	0.230204907665065	0.0	0.768909688843916
5	0.000821827744904668	0.0	0.999178172255095	0.0
6	0.00370845813721295	0.129225502781344	0.0	0.867066039081443
7	0.0	0.0097735787587555	0.990226421241244	0.0
8	0.260612043435341	0.450477130635077	0.201217505758473	0.0876933201711089
9	0.179141306135878	0.284586280638263	0.160717223227505	0.375555189998355
10	0.21681197565389	0.227340023030104	0.235400559302517	0.320447442013489
11	0.365520644842902	0.107418983385425	0.363711136700115	0.163349235071558
12	0.26122717552229	0.51801283105774	0.171574272084224	0.049185721335746
13	0.0	0.999013968775678	0.0	0.000986031224322103
14	0.998193760262726	0.00180623973727422	0.0	0.0
15	0.0	0.29698161211981	0.0	0.70301838788019
16	0.00131427632659767	0.0	0.998685723673402	0.0
17	0.00204248366013072	0.17020697167756	0.0	0.827750544662309
18	0.0	0.000654664484451719	0.994926350245499	0.0044189852700491
19	0.22075999341997	0.389537752919888	0.26961671327521	0.120085540384932
