Pos	A	C	G	T
1	0.338379451544857	0.0474004218885718	0.440501302891178	0.173718823675394
2	0.537713642411217	0.287073994473442	0.161600654999488	0.013611708115853
3	0.00185781520931385	0.998142184790686	0.0	0.0
4	0.947783135363989	0.0	0.0522168646360108	0.0
5	0.0	0.33428465070108	0.0	0.665715349298921
6	0.185054100515725	0.0	0.814945899484275	0.0
7	0.0	0.440873557513339	0.0	0.559126442486661
8	0.0165954850518609	0.0	0.983404514948139	0.0
9	0.0231930420873738	0.270218934319704	0.171048685394382	0.53553933819854
10	0.322660709853562	0.274509803921569	0.12397617274758	0.27885331347729
