Pos	A	C	G	T
1	0.213711151736746	0.147349177330896	0.220475319926874	0.418464351005484
2	0.234011627906977	0.167605377906977	0.101471656976744	0.496911337209302
3	0.6268622507449	0.00229200091680037	0.350561540224616	0.0202842081136832
4	0.786597641645096	0.0	0.163503019844694	0.04989933851021
5	0.0	0.996538531608672	0.00127527782838404	0.00218619056294407
6	0.0	0.496618534088832	0.503381465911168	0.0
7	0.00526889534883721	0.00090843023255814	0.993822674418605	0.0
8	0.058397212543554	0.179233449477352	0.0	0.762369337979094
9	0.0175925925925926	0.349305555555556	0.0	0.633101851851852
10	0.50289601912292	0.101774386319757	0.172106279304955	0.223223315252367
11	0.441133455210238	0.221206581352834	0.128519195612431	0.209140767824497
