Pos	A	C	G	T
1	0.46084166823929	0.143926527017676	0.190790715229289	0.204441089513745
2	0.0192493946731235	0.0139225181598063	0.962348668280872	0.00447941888619855
3	0.0	0.000628614533568016	0.999371385466432	0.0
4	0.0	0.0	0.947663328564616	0.0523366714353839
5	0.27042413891261	0.00984099873937619	0.64649668577935	0.0732381765686633
6	0.88282985339849	0.0349844513549534	0.0465904042647712	0.0355952909817859
7	0.693461234897699	0.0221601602817072	0.0126282557221784	0.271750349098415
8	0.176311485721474	0.133287205937854	0.428481570008806	0.261919738331866
9	0.116595329685214	0.4928211518665	0.0220512542666739	0.368532264181611
10	0.684592750266074	0.310711826206724	0.000250422588117448	0.00444500093908471
11	0.00450845335003131	0.995491546649969	0.0	0.0
12	0.0119507908611599	0.931341534856473	0.0364967779730521	0.0202108963093146
13	0.203862121021512	0.0921499559693043	0.270725877468864	0.43326204554032
