Pos	A	C	G	T
1	0.254049311617025	0.163479708449564	0.0602447583910735	0.522226221542338
2	0.758602660043789	0.0138884350184634	0.119440541158786	0.108068363778961
3	0.999913852515507	0.0	8.61474844934528e-05	0.0
4	0.127004879415404	0.292064529685056	0.0389652837765274	0.541965307123013
5	0.155811148444904	0.365684500732317	0.2880158525028	0.190488498319979
6	0.214439562333075	0.334151804945292	0.161368139915568	0.290040492806065
7	0.68990727532097	0.111299334284356	0.12208749405611	0.076705896338564
8	0.732395254921757	0.0615850580514891	0.13610550227158	0.0699141847551741
9	0.0	0.0	0.0	1.0
10	0.116289563591826	0.126281183523496	0.00921807516276671	0.748211177721911
11	0.650707778556412	0.046531184302733	0.137967764540995	0.16479327259986
