Pos	A	C	G	T
1	0.0612437928588319	0.0210451643414519	0.401749822653109	0.515961220146607
2	0.0	0.0	0.0	1.0
3	0.996465598491989	0.000471253534401508	0.0	0.0030631479736098
4	0.00047247814788566	0.00023623907394283	0.00023623907394283	0.999055043704229
5	0.000667705319385711	0.0580903627865569	0.0	0.941241931894057
6	0.0	0.0	1.0	0.0
7	0.996935407826497	0.00212164073550212	0.0	0.000942951438000943
8	0.0	0.0	0.0	1.0
9	0.0	0.586465122729164	0.0	0.413534877270836
10	0.0	0.519207683073229	0.326930772308924	0.153861544617847
11	0.306557808796418	0.125888859626021	0.556887016065315	0.0106663155122465
12	0.0664459683140222	0.195554504611019	0.072357531331284	0.665641995743675
