Pos	A	C	G	T
1	0.28976897689769	0.316171617161716	0.119471947194719	0.274587458745875
2	0.472109691492677	0.202866936740418	0.149890931754441	0.175132440012465
3	0.0740531373657434	0.856416054267948	0.0	0.0695308083663086
4	0.768172888015717	0.00720366732154551	0.224623444662737	0.0
5	0.00531286894923259	0.0200708382526564	0.894332939787485	0.0802833530106257
6	0.0805263157894737	0.0589473684210526	0.0631578947368421	0.797368421052632
7	0.892751915144372	0.0	0.0748379493223335	0.032410135533294
8	0.0320394331484904	0.0203327171903882	0.933456561922366	0.0141712877387554
9	0.0	0.825613079019074	0.0643051771117166	0.11008174386921
10	0.464686468646865	0.153795379537954	0.194719471947195	0.186798679867987
