Pos	A	C	G	T
1	0.52916115763185	0.113926840017629	0.205229910386367	0.151682091964155
2	0.66734905987213	0.0263928695159208	0.116059336713804	0.190198733898145
3	0.61979277553048	0.0113192818110851	0.0225321126960471	0.346355829962387
4	0.477914382045431	0.0447501958246773	0.0279944147396383	0.449341007390253
5	0.251028353165859	0.208204789187601	0.293190832966064	0.247576024680476
6	0.0189590471528798	0.0903246859193996	0.00221895904715288	0.888497307880568
7	3.67255499651107e-05	0.0	0.999963274450035	0.0
8	0.0356536502546689	0.963073005093379	0.00077815506508206	0.000495189586870402
9	0.0	0.000293728888236158	0.0	0.999706271111764
10	0.00257613720577337	0.0	0.960863888202703	0.0365599745915235
11	0.999853113983549	0.0	0.000146886016451234	0.0
12	0.00155484980812492	0.900754267566495	0.0184927881434432	0.0791980944819373
13	0.220398119582782	0.0612971940649332	0.53356838548553	0.184736300866755
