Pos	A	C	G	T
1	0.385759960649287	0.138588293162814	0.248647319232661	0.227004426955239
2	0.637060702875399	0.0485623003194888	0.228860489882854	0.0855165069222577
3	0.0685218432076601	0.0291242768801117	0.810991422302015	0.0913624576102134
4	0.0548518017464027	0.148567211905055	0.289263313245603	0.507317673102939
5	0.0119091019564953	0.0	0.988090898043505	0.0
6	0.922719019518838	0.0424421243758511	0.00124829777576033	0.0335905583295506
7	0.804651162790698	0.0189015338941118	0.154675903018308	0.0217714002968827
8	0.970170624030545	0.00357952511633457	0.0174203555661616	0.0088294952869586
9	0.0	0.00755821041082531	0.99122272339388	0.0012190661952944
10	0.0	0.0630492540363785	0.106069895769467	0.830880850194155
11	0.157111997341309	0.0598205383848455	0.675556663343303	0.107510800930542
12	0.331693518632395	0.137867420981429	0.345590948222851	0.184848112163326
