Pos	A	C	G	T
1	0.428197714443068	0.158474459589701	0.228555693239708	0.184772132727523
2	0.558829787234043	0.0587234042553191	0.168617021276596	0.213829787234043
3	0.543016069221261	0.0446229913473424	0.057601977750309	0.354758961681088
4	0.420705610179294	0.104337767495662	0.0555234239444766	0.419433198380567
5	0.259534627564367	0.220983064849236	0.300151452567809	0.219330855018587
6	0.0349285989965264	0.257622539560015	0.00665766113469703	0.700791200308761
7	0.00315457413249211	0.000685776985324372	0.996159648882184	0.0
8	0.0717187103325717	0.921934501142422	0.00101548616400102	0.00533130236100533
9	0.00419154070875143	0.0732884542105932	0.0	0.922520005080655
10	0.00783759475780547	0.0	0.933187716818707	0.0589746884234871
11	0.989239989103786	0.000272405339144647	0.000272405339144647	0.0102152002179243
12	0.0247353319481547	0.718610863757792	0.116058177500742	0.140595626793312
13	0.319702602230483	0.10629216577172	0.266281151039515	0.307724080958282
