Pos	A	C	G	T
1	0.641018035121025	0.0328666350261035	0.259966777408638	0.0661485524442335
2	0.140902474526929	0.629112081513828	0.228471615720524	0.00151382823871907
3	0.055754609805121	0.944245390194879	0.0	0.0
4	0.966198694446928	0.0	0.0263793257623178	0.00742197979075382
5	0.0	0.0	0.000185065235495512	0.999814934764504
6	0.988382729601171	0.011068422978412	0.000548847420417124	0.0
7	0.0029011786038078	0.0174977334542158	0.0	0.979601087941976
8	0.0	0.000816400580551524	0.980134252539913	0.0190493468795356
9	0.000789328281632331	0.146341463414634	0.326860841423948	0.526008366879785
10	0.0399643062017974	0.229268914526101	0.0420676907387341	0.688699088533367
