Pos	A	C	G	T
1	0.166299475803388	0.133328268631771	0.436526627668465	0.263845627896376
2	0.0905492054641762	0.136938946194592	0.0385837747421243	0.733928073599108
3	0.999772140361537	0.000227859638462707	0.0	0.0
4	0.0	0.000455615460551295	0.0	0.999544384539449
5	0.0	1.0	0.0	0.0
6	0.00113826073759296	0.0	0.998861739262407	0.0
7	1.0	0.0	0.0	0.0
8	0.0	0.0	0.0	1.0
9	0.0	0.816715269591115	0.0	0.183284730408885
10	0.0	0.0715897869939343	0.928410213006066	0.0
11	0.151637164780065	0.284813492364962	0.323026665653726	0.240522677201246
12	0.239611030920003	0.256324546076122	0.288232165919623	0.215832257084251
