Pos	A	C	G	T
1	0.308132530120482	0.233132530120482	0.295783132530121	0.162951807228916
2	0.441897548335659	0.0789316324496711	0.259118995415587	0.220051823799083
3	0.466095286110411	0.0731031005797832	0.0897403579531132	0.371061255356693
4	0.359565807327001	0.145409317051108	0.103573043871551	0.391451831750339
5	0.24066265060241	0.230722891566265	0.334036144578313	0.194578313253012
6	0.0278698109530306	0.313584096667316	0.0113038394075229	0.64724225297213
7	0.0	0.0	1.0	0.0
8	0.105832673528636	0.876484560570071	0.00607020321984693	0.0116125626814463
9	0.00444691495275153	0.0725403001667593	0.0	0.923012784880489
10	0.0185627154600902	0.00662954123574649	0.880668257756563	0.0941394855476001
11	0.977052074139453	0.0050014710208885	0.00970873786407767	0.00823771697558105
12	0.0107244030756779	0.671995143666532	0.0811412383650344	0.236139214892756
13	0.274013851249624	0.164709424872026	0.375790424570912	0.185486299307438
