Pos	A	C	G	T
1	0.253731343283582	0.246503332394631	0.217935479833537	0.281829844488251
2	0.430258481778249	0.0869920314327969	0.275213562015761	0.207535924773194
3	0.298842302878598	0.225	0.19918648310388	0.276971214017522
4	0.432641164205778	0.19480022126718	0.247329900855283	0.125228713671759
5	0.00916775806643648	0.0342005000595309	0.00535778068817716	0.951273961185855
6	0.997658737591309	0.0	0.000686770306549291	0.00165449210214147
7	0.799294717887155	0.000525210084033613	0.200180072028812	0.0
8	0.000250258078643601	0.999749741921356	0.0	0.0
9	0.0226799770787466	0.00681605694121905	0.963868866302741	0.00663509967729288
10	0.0	0.0125059410646388	0.949352423954373	0.0381416349809886
11	0.333308607175531	0.10370150582301	0.106075216972035	0.456914670029424
12	0.395567122469441	0.172024660281161	0.146212428269727	0.28619578897967
13	0.276939924906133	0.200500625782228	0.137672090112641	0.384887359198999
