Pos	A	C	G	T
1	0.226700251889169	0.217296389588581	0.228883291351805	0.327120067170445
2	0.710112692763938	0.0438908659549229	0.0729537366548043	0.173042704626335
3	0.399429147078576	0.203995970449966	0.210208193418402	0.186366689053056
4	0.210005036091993	0.475407084102736	0.182810139331878	0.131777740473393
5	0.101816180517336	0.0785635663181068	0.251238304898184	0.568381948266373
6	0.0	0.0	0.631464069845534	0.368535930154466
7	0.0	0.0	0.00100637370010064	0.998993626299899
8	0.996319839411174	0.00368016058882569	0.0	0.0
9	1.0	0.0	0.0	0.0
10	0.0	0.0	0.00134138162307176	0.998658618376928
11	0.00201072386058981	0.0	0.0	0.99798927613941
12	1.0	0.0	0.0	0.0
13	0.633145529924524	0.342404592324864	0.0	0.0244498777506112
14	0.180322364002686	0.261920752182673	0.344022834116857	0.213734049697784
