Pos	A	C	G	T
1	0.0556836902800659	0.928830313014827	0.0085667215815486	0.00691927512355848
2	0.0	0.908475668707702	0.0	0.0915243312922978
3	0.561218335343788	0.0120627261761158	0.137816646562123	0.288902291917973
4	0.12793893129771	0.0106870229007634	0.000610687022900763	0.860763358778626
5	0.173929961089494	0.129182879377432	0.548443579766537	0.148443579766537
6	0.0548440065681445	0.0187192118226601	0.000656814449917898	0.925779967159277
7	0.783350392357557	0.0	0.0382122142613443	0.178437393381099
8	0.250887154009936	0.241305890702626	0.159332860184528	0.34847409510291
9	0.0466689212039229	0.0	0.953331078796077	0.0
10	0.00858505564387917	0.0209856915739269	0.896343402225755	0.0740858505564388
