Pos	A	C	G	T
1	0.284909456740443	0.221730382293763	0.409859154929577	0.0835010060362173
2	0.122284122562674	0.443871866295265	0.248328690807799	0.185515320334262
3	0.184344951923077	0.224459134615385	0.562199519230769	0.0289963942307692
4	0.0	0.0	0.128704190776784	0.871295809223216
5	1.0	0.0	0.0	0.0
6	0.0	0.0581880212282032	0.0	0.941811978771797
7	0.0811293201362973	0.806263183514522	0.00908648385526529	0.103521012493915
8	0.502658111824015	0.0636113657195234	0.408432630614115	0.0252978918423465
9	0.197760244336981	0.342199032832782	0.169890557393739	0.290150165436498
10	0.224748490945674	0.211468812877264	0.308853118712274	0.254929577464789
