Pos	A	C	G	T
1	0.223300970873786	0.145631067961165	0.16504854368932	0.466019417475728
2	0.196787148594378	0.204819277108434	0.413654618473896	0.184738955823293
3	0.225806451612903	0.553763440860215	0.0	0.220430107526882
4	0.682119205298013	0.033112582781457	0.0993377483443709	0.185430463576159
5	0.0	0.865546218487395	0.0	0.134453781512605
6	0.126760563380282	0.0	0.725352112676056	0.147887323943662
7	0.151079136690647	0.0	0.107913669064748	0.741007194244604
8	0.136904761904762	0.0	0.613095238095238	0.25
9	0.24496644295302	0.345637583892617	0.228187919463087	0.181208053691275
10	0.240384615384615	0.173076923076923	0.259615384615385	0.326923076923077
