Pos	A	C	G	T
1	0.320617052324369	0.247863247863248	0.361267458828434	0.0702522409839483
2	0.110469777136444	0.523969857303191	0.244989578322912	0.120570787237454
3	0.224392041267502	0.116249078850405	0.659358879882093	0.0
4	0.0	0.0	0.0991735537190083	0.900826446280992
5	0.877263581488934	0.0	0.118163526614231	0.00457289189683556
6	0.0352405464264502	0.0	0.0152445060384082	0.949514947535142
7	0.0165424468278495	0.871841483366661	0.0	0.11161606980549
8	0.552562814070352	0.0275376884422111	0.411658291457286	0.00824120603015075
9	0.211411684473744	0.264378267788134	0.243464423732667	0.280745624005456
10	0.243693975401292	0.200542005420054	0.34855117781947	0.207212841359183
