Pos	A	C	G	T
1	0.688198757763975	0.0447204968944099	0.163975155279503	0.103105590062112
2	0.67349260523322	0.0398179749715586	0.127417519908987	0.159271899886234
3	0.158264947245018	0.0082063305978898	0.808909730363423	0.0246189917936694
4	0.0308422301304864	0.0189798339264531	0.606168446026097	0.344009489916963
5	0.0646992054483541	0.0249716231555051	0.870601589103292	0.039727582292849
6	0.0	0.00605326876513317	0.974576271186441	0.0193704600484262
7	0.0257309941520468	0.0210526315789474	0.935672514619883	0.0175438596491228
8	0.0836538461538461	0.759615384615385	0.0817307692307692	0.075
9	0.0242214532871972	0.0161476355247982	0.927335640138408	0.0322952710495963
10	0.0260047281323877	0.0141843971631206	0.947990543735225	0.0118203309692671
11	0.0177935943060498	0.00118623962040332	0.950177935943061	0.0308422301304864
12	0.717365269461078	0.0215568862275449	0.249101796407186	0.0119760479041916
13	0.0386427898209237	0.730442978322337	0.179076343072573	0.0518378887841659
14	0.0933333333333333	0.0285714285714286	0.124761904761905	0.753333333333333
15	0.292576419213974	0.0141921397379913	0.110262008733624	0.58296943231441
16	0.753142857142857	0.0297142857142857	0.142857142857143	0.0742857142857143
17	0.285714285714286	0.17639751552795	0.249689440993789	0.288198757763975
