Pos	A	C	G	T
1	0.202698011208649	0.251549868571145	0.215394534543471	0.330357585676735
2	0.745689854402588	0.0333718511670904	0.0346198289808181	0.186318465449503
3	0.415026035209521	0.143268038680883	0.219588395735185	0.222117530374411
4	0.265013637490702	0.459459459459459	0.182940738904042	0.0925861641457972
5	0.104407044330702	0.0209508111390648	0.294178884358463	0.580463260171771
6	0.0	0.0	0.77623487403293	0.22376512596707
7	0.0	0.0	0.0106471713851136	0.989352828614886
8	1.0	0.0	0.0	0.0
9	1.0	0.0	0.0	0.0
10	0.0	0.0	0.0	1.0
11	0.0	0.0	0.0	1.0
12	1.0	0.0	0.0	0.0
13	0.741405302055374	0.258594697944626	0.0	0.0
14	0.144111083560625	0.325316141829903	0.248648648648649	0.281924125960823
