Pos	A	C	G	T
1	0.230139624458353	0.288396726047183	0.211844005777564	0.269619643716899
2	0.189550264550265	0.224338624338624	0.274867724867725	0.311243386243386
3	0.354244800545517	0.254517558813502	0.189396522332083	0.201841118308899
4	0.78003003003003	0.0397897897897898	0.0510510510510511	0.129129129129129
5	0.0	0.914210294764628	0.0175978882534096	0.0681918169819622
6	0.975586854460094	0.0	0.0244131455399061	0.0
7	0.918250110472824	0.0154661953159523	0.00972160848431286	0.0565620857269112
8	0.0274473924977127	0.0219579139981702	0.0	0.950594693504117
9	0.241337752335041	0.0298282615245556	0.626092196444712	0.102741789695691
10	0.235322425409047	0.204042348411935	0.35274302213667	0.207892204042348
