Pos	A	C	G	T
1	0.84644375301284	0.0379508304483106	0.0449187080941321	0.0706867084447171
2	0.000359084846619473	0.990817687493588	0.0	0.00882322765979276
3	0.956330148041788	0.0186661385354261	0.00064365994949745	0.0243600534732881
4	0.888617960986382	0.0828119249171881	0.0221291866028708	0.00644092749355907
5	0.00288912964969303	5.15916008873755e-05	0.000567507609761131	0.996491771139658
6	0.236189490033653	0.0736733108982656	0.462542065752006	0.227595133316076
7	0.266580377944603	0.234998705669169	0.235154025368884	0.263266891017344
8	0.241043694346656	0.442638227376268	0.0740318906605923	0.242286187616484
9	0.994593202883625	0.000669412976313079	0.000154479917610711	0.00458290422245108
10	0.00870410667160517	0.0234733089494884	0.0735682207509607	0.894254363627946
11	0.0234886025768087	0.0	0.0193756194251734	0.957135777998018
12	0.00687849699707407	0.00112930547713156	0.991478876854371	0.000513320671423438
13	0.0674044265593561	0.0495582188784883	0.0381856355524451	0.84485171900971
