Pos	A	C	G	T
1	0.312481644640235	0.258737151248164	0.178854625550661	0.24992657856094
2	0.190087895795828	0.172932330827068	0.360584559991528	0.276395213385577
3	0.53579858379229	0.184107002360346	0.160031471282455	0.12006294256491
4	0.948996655518395	0.0150501672240803	0.0	0.0359531772575251
5	0.0	1.0	0.0	0.0
6	0.984673221515327	0.0118565644881434	0.00347021399652979	0.0
7	0.965957446808511	0.0130496453900709	0.00482269503546099	0.0161702127659574
8	0.0175337740730095	0.00373670594998563	0.0	0.978729519977005
9	0.372085048010974	0.00891632373113855	0.583847736625514	0.0351508916323731
10	0.171806167400881	0.286930983847283	0.440822320117474	0.100440528634361
