Pos	A	C	G	T
1	0.00668364099299809	0.993316359007002	0.0	0.0
2	0.0	0.995851946394384	0.00414805360561583	0.0
3	0.676060516167309	0.0	0.0741619697419163	0.249777514090774
4	0.0389212381244254	0.00459699662886914	0.0	0.956481765246705
5	0.191393201021812	0.0766358813126351	0.613283552760857	0.118687364904696
6	0.000318775900541919	0.00478163850812879	0.0	0.994899585591329
7	0.903071017274472	0.0	0.00159948816378759	0.0953294945617402
8	0.207051282051282	0.229807692307692	0.125641025641026	0.4375
9	0.00857687420584498	0.0	0.991423125794155	0.0
10	0.000608087564609304	0.0	0.948920644572818	0.0504712678625722
