Pos	A	C	G	T
1	0.346440503726548	0.136661526599846	0.349299665895657	0.167598303777949
2	0.465530573399952	0.00264691886747561	0.460206995003569	0.0716155127290031
3	0.0	1.0	0.0	0.0
4	1.0	0.0	0.0	0.0
5	0.0356037151702786	0.0	0.963684210526316	0.000712074303405573
6	0.0	0.0	1.0	0.0
7	0.0	0.0	0.0	1.0
8	0.00512820512820513	0.0	0.991463608854913	0.00340818601688167
9	0.0374193548387097	0.590645161290323	0.130474383301708	0.24146110056926
10	0.376205358335337	0.0787723375270454	0.455218099740898	0.0898042043967198
