Pos	A	C	G	T
1	0.579800498753117	0.0798004987531172	0.164432668329177	0.175966334164589
2	0.594947548704774	0.0184114750588739	0.109612502676086	0.277028473560265
3	0.0	0.908405411399423	0.0878243512974052	0.00377023730317144
4	0.0752308984047019	0.63744752308984	0.0273719563392107	0.259949622166247
5	0.286365857631536	0.0149861540967584	0.633002117608731	0.0656458706629744
6	0.005982716596499	0.0822069576778196	0.911810325725681	0.0
7	0.253149126371394	0.160300690776107	0.0170662332385209	0.569483949613978
8	0.186339125224685	0.191431995206711	0.0687537447573397	0.553475134811264
9	0.209313490158425	0.2822851656265	0.141382621219395	0.367018722995679
10	0.333893422947672	0.14066250600096	0.348055688910226	0.177388382141143
11	0.568078668683812	0.0591527987897126	0.177307110438729	0.195461422087746
12	0.612219707879037	0.0168689570047315	0.145854762394569	0.225056572721662
13	0.0	0.898189045936396	0.0936395759717314	0.00817137809187279
14	0.0624486442070666	0.643056696795399	0.0231717337715694	0.271322925225966
15	0.259186351706037	0.026246719160105	0.632053805774278	0.0825131233595801
16	0.0	0.0758958379701758	0.924104162029824	0.0
17	0.24809483488569	0.120872142252329	0.0114309906858594	0.619602032176122
18	0.172843303090881	0.157312009841612	0.0833461479317238	0.586498539135784
