Pos	A	C	G	T
1	0.0831636648394675	0.178386844166014	0.031636648394675	0.706812842599843
2	0.0263765883711975	0.088371197535618	0.868887177512514	0.01636503658067
3	0.846875586413961	0.0163257646838056	0.0358416213173203	0.100957027584913
4	0.00674394099051633	0.951106427818757	0.0113804004214963	0.0307692307692308
5	0.871403745896891	0.00173778721760958	0.110639119521143	0.0162193473643561
6	0.0132978723404255	0.25886524822695	0.478501773049645	0.249335106382979
7	0.249501440283625	0.501883447817416	0.236428096609794	0.0121870152891646
8	0.00876338851022395	0.108666017526777	0.00370009737098345	0.878870496592016
9	0.0315523769457299	0.0122002524190156	0.949305847707194	0.00694152292806058
10	0.0946175637393768	0.0428706326723324	0.0101983002832861	0.852313503305005
11	0.0131578947368421	0.886292223095051	0.0834642576590731	0.0170856245090338
12	0.717716284987277	0.0313295165394402	0.176049618320611	0.0749045801526718
