Pos	A	C	G	T
1	0.526760563380282	0.298591549295775	0.107042253521127	0.0676056338028169
2	0.00255102040816327	0.0510204081632653	0.0408163265306122	0.905612244897959
3	0.505494505494505	0.0247252747252747	0.46978021978022	0.0
4	0.0324324324324324	0.0	0.00810810810810811	0.959459459459459
5	0.0	0.931758530183727	0.0446194225721785	0.0236220472440945
6	0.041994750656168	0.0026246719160105	0.931758530183727	0.0236220472440945
7	0.0127877237851662	0.907928388746803	0.010230179028133	0.0690537084398977
8	0.00549450549450549	0.00549450549450549	0.975274725274725	0.0137362637362637
9	0.924479166666667	0.0104166666666667	0.015625	0.0494791666666667
10	0.0271739130434783	0.448369565217391	0.00815217391304348	0.516304347826087
11	0.785398230088496	0.00221238938053097	0.108407079646018	0.103982300884956
12	0.0676056338028169	0.101408450704225	0.31830985915493	0.512676056338028
