Pos	A	C	G	T
1	0.269278801123946	0.17389946924758	0.310958476428348	0.245863253200125
2	0.243703293661777	0.113340714088015	0.642955992250208	0.0
3	0.0	0.0	0.0	1.0
4	0.0	0.998752922837101	0.00124707716289945	0.0
5	1.0	0.0	0.0	0.0
6	0.0	0.944288872512896	0.0	0.0557111274871039
7	0.886044333437402	0.0	0.113955666562598	0.0
8	0.000312061163988142	0.0	0.0	0.999687938836012
9	0.0	0.0	1.0	0.0
10	0.168877789917278	0.214609021382863	0.307632277196816	0.308880911503044
11	0.0915726609157266	0.245852687458527	0.199845166998452	0.462729484627295
