Pos	A	C	G	T
1	0.134287119546349	0.0825135979631987	0.673757377618331	0.109441904872121
2	0.117341185929385	0.0979864104768099	0.332809318530188	0.451863085063617
3	0.0192572494488723	0.0335221298965576	0.937812447006953	0.00940817364761743
4	0.00401400331805528	0.971916036329893	0.00347271040125974	0.0205972499507916
5	0.173520604898645	0.0	0.819255652973152	0.00722374212820347
6	0.0	0.976508479125319	0.0	0.0234915208746813
7	0.0137251125330822	0.0	0.986274887466918	0.0
8	0.124747143466554	0.239159851198804	0.001912765069332	0.63418024026531
9	0.00778944551261735	0.0167268834470761	0.973729989365224	0.00175368167508293
10	0.325362727654096	0.443012339249808	0.196704711481433	0.0349202216146624
