Pos	A	C	G	T
1	0.130973648950424	0.501898168825368	0.141469405984815	0.225658776239393
2	0.463913180908229	0.016541987145717	0.479822990201243	0.0397218417448109
3	0.0260954659127977	0.973904534087202	0.0	0.0
4	1.0	0.0	0.0	0.0
5	0.0	0.0	0.0	1.0
6	0.390024038461538	0.0	0.102864583333333	0.507111378205128
7	0.00796431984708506	0.951152171604545	0.04088350854837	0.0
8	0.013219361892456	0.890269356922771	0.0	0.0965112811847729
9	0.410070336050017	0.0802724126381601	0.259350228871274	0.250307022440549
