Pos	A	C	G	T
1	0.143183259353202	0.350538998097654	0.0831959416613824	0.423081800887762
2	0.11888654763225	0.102029499833648	0.676499944549185	0.102584007984917
3	0.0648764769065521	0.246938775510204	0.0329752953813104	0.655209452201933
4	0.469203609258533	0.152870406695436	0.0493003792336864	0.328625604812345
5	0.243940931123887	0.687633863149589	0.00473452823807913	0.0636906774884455
6	0.0	0.792516564895414	0.00181889047680915	0.205664544627777
7	0.899572334463943	0.0	0.0120926117091874	0.0883350538268692
8	0.0205523442517662	0.339595375722543	0.0	0.63985228002569
9	0.00245298446443173	0.997547015535568	0.0	0.0
