Pos	A	C	G	T
1	0.142976588628763	0.20443143812709	0.19314381270903	0.459448160535117
2	0.132434808086727	0.111924992675066	0.054790506885438	0.700849692352769
3	0.0114533965244866	0.0402843601895735	0.00355450236966825	0.944707740916272
4	0.159703703703704	0.708740740740741	0.111111111111111	0.0204444444444444
5	0.844632768361582	0.0247175141242938	0.0575564971751412	0.0730932203389831
6	0.0	0.990886495443248	0.00207125103562552	0.00704225352112676
7	0.732394366197183	0.0110226576852419	0.253521126760563	0.00306184935701163
8	0.00940695296523517	0.978323108384458	0.0	0.0122699386503067
9	0.0387323943661972	0.765685019206146	0.115236875800256	0.0803457106274008
10	0.0534913516976297	0.152146060217809	0.0281870595771941	0.766175528507367
11	0.192422434367542	0.293854415274463	0.0939737470167064	0.419749403341289
12	0.267976588628763	0.228678929765886	0.186036789297659	0.317307692307692
