Pos	A	C	G	T
1	0.131721756290084	0.454563394178589	0.178490379871732	0.235224469659595
2	0.406114343770204	0.0311258889812506	0.529879006188233	0.0328807610603122
3	0.0116063591144055	0.988393640885594	0.0	0.0
4	0.925141500821618	0.0	0.0748584991783823	0.0
5	0.0	0.0	0.0	1.0
6	0.39986358598346	0.0	0.135987722738511	0.464148691278029
7	0.00743938280675974	0.930749448934607	0.0618111682586334	0.0
8	0.0	0.920854157201272	0.00417991821899137	0.0749659245797365
9	0.417801460430235	0.0492401815670022	0.291888691533452	0.241069666469311
