Pos	A	C	G	T
1	0.439480519480519	0.150241187384045	0.24100185528757	0.169276437847866
2	0.305888753594653	0.111764553485842	0.190004922407316	0.392341770512189
3	0.084377090397435	0.0694530943648652	0.224505801213295	0.621664014024404
4	0.189548156330545	0.708826468886434	0.101204565777708	0.000420809005312714
5	0.0	0.999554945666283	0.000370878611430479	7.41757222860958e-05
6	0.987795044714851	0.000219909104236915	7.33030347456385e-05	0.0119117431461663
7	0.0	0.0167098398336313	0.983290160166369	0.0
8	0.844964885879107	0.107254828191623	0.0245798846250314	0.0232004013042388
9	0.000401782453064504	0.00051135948571846	0.0146833223756301	0.984403535685587
10	0.0	0.000148395473938045	0.999851604526062	0.0
11	0.00361520451728412	0.0660377358490566	0.00241013634485608	0.927936923288803
12	0.0279641665202881	0.0252239592481995	0.463586861057439	0.483225013174073
13	0.132541743970315	0.36734693877551	0.275547309833024	0.22456400742115
