Pos	A	C	G	T
1	0.269112488587766	0.272331939839508	0.0526164047859305	0.405939166786795
2	0.011486614771217	0.000711980254414278	0.301547370419594	0.686254034554775
3	0.000576050692460937	0.999015913400379	0.000264023234044596	0.000144012673115234
4	0.991684734697768	0.00724309642372114	0.000619475352028782	0.000452693526482571
5	0.000720028801152046	0.998967958718349	0.000120004800192008	0.000192007680307212
6	0.210141548458912	0.11880443448307	0.0449615668105718	0.626092450247447
7	0.995360627511001	0.00200880045915439	0.00040654295006696	0.00222402907977808
8	0.000888952957570516	0.450819278266301	0.0562442938830426	0.492047474893085
9	0.432463600980251	0.0676325020421892	0.0651578492143578	0.434746047763202
10	0.49920715006487	0.0555475469703522	0.444596607563308	0.000648695401470376
11	0.00126933946448244	0.000359247018249749	0.00153278727786559	0.996838626239402
12	0.622589861337562	0.0439920422419338	0.125215024007898	0.208203072412607
13	0.000216055310159401	9.6024582293067e-05	0.999183791050509	0.000504129057038602
14	0.00061903288016952	0.000666650794028714	0.007737911002119	0.990976405323683
15	0.000119987521297785	0.000359962563893355	0.998824122291282	0.000695927623527153
16	0.687156944279435	0.301841511227278	0.000831650231673993	0.0101698942616134
17	0.409254721060977	0.05172745182836	0.270650136946807	0.268367690163856
