Pos	A	C	G	T
1	0.0859960552268245	0.595660749506903	0.109467455621302	0.20887573964497
2	0.490701564498672	0.00216471514316639	0.507133720358162	0.0
3	0.0	1.0	0.0	0.0
4	0.998326277444127	0.00118145121591021	0.000492271339962587	0.0
5	0.0	0.0	0.0	1.0
6	0.171059013742926	0.0	0.00921584478577203	0.819725141471301
7	0.0	0.995581737849779	0.00441826215022091	0.0
8	0.0	0.968111514225702	0.00496467443192668	0.0269238113423716
9	0.571327070340254	0.0079734743822531	0.191442330464988	0.229257124812505
10	0.283699832363672	0.246524011438714	0.160536436248891	0.309239719948723
