Pos	A	C	G	T
1	0.284322781089932	0.167520362750861	0.204383239566714	0.343773616592493
2	0.00999095469122605	0.24327769097936	0.736000328920319	0.0107310254090946
3	0.0	1.0	0.0	0.0
4	0.0	0.930466033829446	0.0	0.0695339661705535
5	0.0	0.224284154840877	0.0	0.775715845159123
6	0.145016374170795	0.354479805189353	0.356369132588798	0.144134688051054
7	0.783441094970191	0.0	0.216558905029809	0.0
8	0.0679319115632949	0.0	0.932068088436705	0.0
9	0.0	0.001132265369454	0.998867734630546	0.0
10	0.0073890608875129	0.734489164086687	0.248710010319917	0.00941176470588235
11	0.351931150293871	0.203610411418976	0.161670864819479	0.282787573467674
