Pos	A	C	G	T
1	0.184151399930868	0.253975112340131	0.330798479087452	0.231075008641549
2	0.299509273891708	0.0321051318306579	0.662896115778092	0.00548947849954254
3	0.014768574908648	0.0414890377588307	0.0628806333739342	0.880861753958587
4	0.0	1.0	0.0	0.0
5	1.0	0.0	0.0	0.0
6	0.0	0.987370936086697	0.0	0.0126290639133032
7	0.0683574879227053	0.0	0.931642512077295	0.0
8	0.0737637362637363	0.131524725274725	0.0	0.794711538461538
9	0.0	0.0	1.0	0.0
10	0.0180623973727422	0.444905366865439	0.286232823437905	0.250799412323913
11	0.401434621035347	0.0251490795955406	0.554057557687322	0.0193587416817907
