Pos	A	C	G	T
1	0.856435643564356	0.0198019801980198	0.0445544554455446	0.0792079207920792
2	0.74869109947644	0.0	0.0209424083769634	0.230366492146597
3	0.0	0.972972972972973	0.0216216216216216	0.00540540540540541
4	0.0238095238095238	0.847619047619048	0.0	0.128571428571429
5	0.209090909090909	0.0272727272727273	0.754545454545455	0.00909090909090909
6	0.0	0.0	1.0	0.0
7	0.297872340425532	0.0372340425531915	0.00531914893617021	0.659574468085106
8	0.0925925925925926	0.0462962962962963	0.037037037037037	0.824074074074074
9	0.182795698924731	0.317204301075269	0.102150537634409	0.397849462365591
10	0.462365591397849	0.129032258064516	0.252688172043011	0.155913978494624
11	0.9	0.03	0.02	0.05
12	0.733695652173913	0.0	0.0326086956521739	0.233695652173913
13	0.00523560209424084	0.979057591623037	0.0	0.0157068062827225
14	0.0	0.796208530805687	0.014218009478673	0.18957345971564
15	0.095	0.025	0.835	0.045
16	0.0	0.0421052631578947	0.957894736842105	0.0
17	0.26063829787234	0.0	0.0106382978723404	0.728723404255319
18	0.147058823529412	0.0	0.0	0.852941176470588
