Pos	A	C	G	T
1	0.232329084588644	0.143105446118192	0.164156044804944	0.460409424488219
2	0.0231481481481481	0.105820105820106	0.0147156084656085	0.856316137566138
3	0.237925086249384	0.638122227698374	0.098324297683588	0.0256283883686545
4	0.764315230224321	0.0283353010625738	0.165141676505313	0.0422077922077922
5	0.000193050193050193	0.99980694980695	0.0	0.0
6	0.934163059163059	0.00450937950937951	0.0613275613275613	0.0
7	0.00897289041618939	0.988736158839252	0.0011454753722795	0.0011454753722795
8	0.0924798187225605	0.733465514799603	0.112873530661379	0.0611811358164566
9	0.0805646656209896	0.150007129616427	0.0309425352916013	0.738485669470982
10	0.22089206410504	0.358949604170689	0.103494883182081	0.31666344854219
