Pos	A	C	G	T
1	0.190833959429001	0.143501126972201	0.403456048084147	0.262208865514651
2	0.0989761092150171	0.14391353811149	0.189419795221843	0.56769055745165
3	0.0	0.0	0.997003745318352	0.00299625468164794
4	0.0051698670605613	0.0051698670605613	0.00664697193500739	0.98301329394387
5	0.0	0.0	0.999249249249249	0.000750750750750751
6	0.0284421460892049	0.00452488687782805	0.860374919198449	0.106658047834518
7	0.0140740740740741	0.0	0.985925925925926	0.0
8	0.997751124437781	0.0	0.000749625187406297	0.00149925037481259
9	0.754963131026659	0.0845150311968236	0.0986954055587067	0.0618264322178105
10	0.999249249249249	0.0	0.000750750750750751	0.0
11	0.865972674040338	0.0175666883539362	0.0793754066363045	0.037085230969421
12	0.0263385146804836	0.183937823834197	0.574697754749568	0.215025906735751
13	0.138502673796791	0.711764705882353	0.0786096256684492	0.0711229946524064
14	0.151765589782119	0.139744552967693	0.380165289256198	0.328324567993989
