Pos	A	C	G	T
1	0.257834101382488	0.106221198156682	0.4963133640553	0.13963133640553
2	0.0797583081570997	0.233232628398792	0.127492447129909	0.559516616314199
3	0.869428090832633	0.0273338940285955	0.0515138772077376	0.0517241379310345
4	0.113500851788756	0.0	0.885434412265758	0.00106473594548552
5	0.136425120772947	0.0566183574879227	0.722705314009662	0.0842512077294686
6	0.269936281135354	0.0654566518632941	0.502027418420545	0.162579648580807
7	0.0294979488181285	0.113694080875171	0.0623168587614768	0.794491111545224
8	0.0	0.0	0.994954128440367	0.00504587155963303
9	0.00413318025258324	0.000918484500574053	0.994948335246843	0.0
10	0.214566156262269	0.00922654102866117	0.767962308598351	0.00824499411071849
11	0.0997695852534562	0.240552995391705	0.278341013824885	0.381336405529954
12	0.350610458419719	0.302925593181295	0.10873070721032	0.237733241188666
13	0.999309233248906	0.0	0.000690766751093714	0.0
14	0.00676742612226483	0.000902323482968644	0.040604556733589	0.951725693661178
15	0.0	0.997701677775224	0.00229832222477591	0.0
16	0.998849516797055	0.0	0.00115048320294524	0.0
17	0.434032542638698	0.0268574789257008	0.309547147618114	0.229562830817487
18	0.0557346844771994	0.180101335789959	0.22316904652234	0.540994933210502
