Pos	A	C	G	T
1	0.195859585958596	0.148154815481548	0.465886588658866	0.19009900990099
2	0.0736960039835678	0.234781526204407	0.202912983941242	0.488609485870783
3	0.0	0.000899118863513757	0.998741233591081	0.000359647545405503
4	0.0039327851269217	0.000893814801573114	0.0023239184840901	0.992849481587415
5	0.00107855473665289	0.000359518245550962	0.998382167895021	0.000179759122775481
6	0.0120400203493302	0.0010174665083941	0.941834831270137	0.0451076818721384
7	0.0037661406025825	0.000179340028694405	0.996054519368723	0.0
8	0.998023360287511	0.000179694519317161	0.00125786163522013	0.000539083557951483
9	0.800172885751333	0.0543149402103443	0.112087595447342	0.0334245785909811
10	0.997485632183908	0.0	0.00125718390804598	0.00125718390804598
11	0.94167514411665	0.0	0.0444218379111563	0.013903017972194
12	0.00957365330610161	0.15739086035231	0.708960939494511	0.124074546847077
13	0.117760617760618	0.824769824769825	0.0273240273240273	0.0301455301455301
14	0.163305725603169	0.114512063377746	0.408894490457328	0.313287720561757
