Pos	A	C	G	T
1	0.1828032507274	0.25825223236681	0.249122102939701	0.309822413966088
2	0.183624132856843	0.0340550767290309	0.725982762245112	0.0563380281690141
3	0.0227403901650698	0.397206510446727	0.0906152603024356	0.489437839085767
4	0.000368640943720816	0.000491521258294421	0.985377242565741	0.0137625952322438
5	0.000498069978832026	0.000498069978832026	0.998505790063504	0.000498069978832026
6	0.99987534280728	0.0	0.0	0.00012465719272002
7	0.000124579544038869	0.000124579544038869	0.999252522735767	0.000498318176155475
8	0.995398009950249	0.000497512437810945	0.00360696517412935	0.000497512437810945
9	0.000623052959501558	0.0	0.999252336448598	0.000124610591900312
10	0.000249097023290572	0.000498194046581143	0.000124548511645286	0.999128160418483
11	0.00986962349214086	0.00134031923967345	0.0296088704764226	0.959181186791763
12	0.954495813614853	0.00509646887513651	0.0348258706467662	0.00558184686324475
13	0.0336285303973193	0.00598372426998564	0.911440880804213	0.0489468645284825
14	0.0	0.993916066550782	0.00173826669977651	0.00434566674944127
15	0.255671902268761	0.18524058838195	0.441535776614311	0.117551732734979
