Pos	A	C	G	T
1	0.504716981132076	0.124213836477987	0.24685534591195	0.124213836477987
2	0.280957336108221	0.36108220603538	0.300728407908429	0.0572320499479709
3	0.0305635148042025	0.361986628462273	0.0	0.607449856733524
4	0.0	0.0707610146862483	0.84913217623498	0.0801068090787717
5	0.250704225352113	0.0774647887323944	0.0253521126760563	0.646478873239437
6	0.0	0.900849858356941	0.0212464589235127	0.0779036827195467
7	0.0306834030683403	0.887029288702929	0.0822873082287308	0.0
8	0.772782503037667	0.113001215066829	0.0886998784933171	0.0255164034021871
9	0.0688018979833926	0.447212336892052	0.30723606168446	0.176749703440095
10	0.0561056105610561	0.377557755775578	0.146534653465347	0.41980198019802
11	0.506289308176101	0.180817610062893	0.221698113207547	0.0911949685534591
