Pos	A	C	G	T
1	0.29136921301244	0.373616038986021	0.107425298166118	0.227589449835421
2	0.0532838154808444	0.867709147771697	0.022243940578577	0.0567630961688819
3	0.993585659062912	0.00157172592498195	0.00361072171955312	0.00123189329255342
4	0.9725	0.00879166666666667	0.003625	0.0150833333333333
5	0.551680037204976	0.0872766732550479	0.279579893810797	0.0814633957291788
6	0.999487332849148	0.000128166787713077	8.54445251420515e-05	0.00029905583799718
7	0.0	0.00055529451967024	0.00042714963051557	0.999017555849814
8	8.54627809588924e-05	0.0	0.999529954704726	0.000384582514315016
9	0.0	0.0	0.977362618867289	0.0226373811327106
10	0.0395108184383819	0.944823919178699	0.00147245286105771	0.0141928095218618
11	0.0182741445112879	0.698751536321884	0.1805097354292	0.102464583737629
12	0.0506554519966659	0.0239069485489126	0.865954383572024	0.0594832158823975
13	0.172439015470139	0.747284496946202	0.0119957575979227	0.0682807299857368
14	0.0665323306106293	0.783922852722104	0.0530387535533086	0.0965060631139578
