Pos	A	C	G	T
1	0.492647058823529	0.0294117647058824	0.352941176470588	0.125
2	0.118421052631579	0.0526315789473684	0.723684210526316	0.105263157894737
3	0.00775193798449612	0.0155038759689922	0.930232558139535	0.0465116279069767
4	0.015625	0.0	0.9375	0.046875
5	0.0432098765432099	0.037037037037037	0.172839506172839	0.746913580246914
6	0.809210526315789	0.0263157894736842	0.138157894736842	0.0263157894736842
7	0.0447761194029851	0.0298507462686567	0.888059701492537	0.0373134328358209
8	0.0350877192982456	0.157894736842105	0.578947368421053	0.228070175438596
9	0.241666666666667	0.25	0.15	0.358333333333333
10	0.276422764227642	0.0813008130081301	0.495934959349593	0.146341463414634
11	0.580459770114943	0.0172413793103448	0.252873563218391	0.149425287356322
12	0.0444444444444444	0.0296296296296296	0.837037037037037	0.0888888888888889
13	0.0150375939849624	0.0300751879699248	0.909774436090226	0.0451127819548872
14	0.0075187969924812	0.0075187969924812	0.909774436090226	0.075187969924812
15	0.0880503144654088	0.0	0.150943396226415	0.761006289308176
16	0.761006289308176	0.0188679245283019	0.220125786163522	0.0
17	0.0	0.00769230769230769	0.861538461538462	0.130769230769231
18	0.0376344086021505	0.231182795698925	0.56989247311828	0.161290322580645
