Pos	A	C	G	T
1	0.0447822514379622	0.00410846343467543	0.504108463434675	0.447000821692687
2	0.017076218242399	0.982923781757601	0.0	0.0
3	0.948801300284437	0.00812677773262901	0.00934579439252336	0.0337261275904104
4	0.00167926112510495	0.99664147774979	0.0	0.00167926112510495
5	0.940553745928339	0.0342019543973941	0.0203583061889251	0.00488599348534202
6	0.0	0.0	0.999578947368421	0.000421052631578947
7	0.0	0.984258492129246	0.0	0.0157415078707539
8	0.805895865237366	0.000382848392036753	0.193721286370597	0.0
9	0.0	0.00126050420168067	0.996218487394958	0.00252100840336134
10	0.0	0.0	0.999158957106812	0.000841042893187553
11	0.00293132328308208	0.000837520938023451	0.987437185929648	0.00879396984924623
12	0.000419111483654652	0.00125733445096396	0.99455155071249	0.00377200335289187
13	0.000833680700291788	0.0	0.990412671946644	0.00875364735306378
14	0.000377500943752359	0.128350320875802	0.0939977349943375	0.777274443186108
15	0.182586333578251	0.679279941219691	0.126377663482733	0.011756061719324
16	0.182659932659933	0.248737373737374	0.255050505050505	0.313552188552189
