Pos	A	C	G	T
1	0.264505494505494	0.374093406593407	0.170412087912088	0.190989010989011
2	0.18170872294095	0.789624695785833	0.00453439221211733	0.024132189061099
3	0.998134328358209	0.000109745390693591	0.00175592625109745	0.0
4	0.996359356180883	0.00177926201686193	0.00186138180225556	0.0
5	0.0244502080293943	0.0189928135300157	0.415464418868536	0.541092559572054
6	0.999011749203909	0.0	0.000988250796090919	0.0
7	0.0	0.000247211998022304	0.0	0.999752788001978
8	0.00010983277959307	0.000219665559186139	0.999533210686729	0.000137290974491337
9	5.38082810944604e-05	0.000591891092039065	0.932282278242622	0.0670720223842449
10	0.00139848634419217	0.997778874629812	0.0	0.000822639025995393
11	0.00103277708322009	0.575691688862314	0.0150296243952818	0.408245909659184
12	0.0408463513802696	0.0274181468007704	0.920848491333191	0.0108870104857693
13	0.124833785436945	0.70030849422903	0.000877612892931227	0.173980107441094
14	0.0129728289824188	0.909296750133191	0.00612679808204582	0.0716036228023442
15	0.407115384615385	0.209230769230769	0.182664835164835	0.200989010989011
