Pos	A	C	G	T
1	0.121360411059457	0.493760704673355	0.113775385368241	0.271103498898948
2	0.040650406504065	0.0248181429182713	0.865639709028669	0.0688917415489944
3	0.0779709625380893	0.0630937443986378	0.694927406345223	0.16400788671805
4	0.0588781575037147	0.0716939078751857	0.717682020802377	0.151745913818722
5	0.0144188110026619	0.0354924578527063	0.898181011535049	0.051907719609583
6	0.0231175693527081	0.039409951563188	0.894319682959049	0.043152796125055
7	0.784908595877091	0.0606767794632439	0.000777907429015947	0.15363671723065
8	0.0312627707396812	0.0472006538618717	0.590519002860646	0.331017572537801
9	0.00803212851405622	0.01252067091897	0.961729270021262	0.0177179305457123
10	0.0364583333333333	0.03875	0.804375	0.120416666666667
11	0.0624311421226588	0.0734484024972457	0.70932794711715	0.154792508262945
12	0.0797651088818204	0.584781012967947	0.0655737704918033	0.269880107658429
