Pos	A	C	G	T
1	0.318725099601594	0.130335799658509	0.345475241889585	0.205463858850313
2	0.08336738863915	0.0286064568859828	0.718022067838169	0.170004086636698
3	0.0197197716658018	0.0202387130254281	0.911779968863518	0.0482615464452517
4	0.0	0.0231916068470458	0.970182219768084	0.00662617338487024
5	0.925711275026344	0.0	0.0579557428872497	0.0163329820864067
6	0.0211752249867655	0.0217046056114346	0.930121757543674	0.026998411858126
7	0.0107361963190184	0.673696319018405	0.289493865030675	0.0260736196319018
8	0.942091152815013	0.0	0.0579088471849866	0.0
9	0.0197505197505198	0.913201663201663	0.0369022869022869	0.0301455301455301
10	0.0711845102505695	0.258542141230068	0.451025056947608	0.219248291571754
