Pos	A	C	G	T
1	0.125718800755015	0.00790132127650235	0.525789034721917	0.340590843246565
2	0.0	1.0	0.0	0.0
3	0.998411808669656	0.0	0.0	0.0015881913303438
4	0.000131314015582597	0.999868685984417	0.0	0.0
5	0.870257695060845	0.129742304939155	0.0	0.0
6	0.0400983384198033	0.00758731773482536	0.952314343845371	0.0
7	0.0	0.940658237093167	0.0	0.0593417629068334
8	0.798561781987196	0.0	0.201438218012804	0.0
9	0.0	0.0	0.966398138973851	0.0336018610261491
10	0.000131734949282045	0.0	0.999868265050718	0.0
11	0.0515907855679585	0.0	0.852084117228981	0.0963250972030603
12	0.00720830257501411	0.000521082113856442	0.919536236918668	0.0727343783924617
13	0.0	0.0	0.989332628052543	0.0106673719474566
14	0.0	0.2297333692432	0.0426429661549511	0.727623664601849
15	0.309394205443371	0.477085162423178	0.202194907813872	0.0113257243195786
