Pos	A	C	G	T
1	0.179789078301069	0.177694308003467	0.334440913030916	0.308075700664548
2	0.0472668594096685	0.0164728030659584	0.866940092785585	0.0693202447387884
3	0.0841519791967639	0.199003178272176	0.528171048829818	0.188673793701242
4	0.0106352400114976	0.985412474849095	0.0	0.00395228513940788
5	0.326112452569852	0.0420834770610555	0.610417385305278	0.0213866850638151
6	0.938639455782313	0.0139455782312925	0.0474149659863946	0.0
7	0.160898822398462	0.00156212448930546	0.754506128334535	0.0830329247776977
8	0.0089355922510544	0.00128672528415183	0.000357423690042176	0.989420258774752
9	0.00452553695855183	0.000431003519862079	0.994899791681632	0.000143667839954026
10	0.999782986111111	0.0	0.0	0.000217013888888889
11	0.0	0.24580404078789	0.00101336373424536	0.753182595477864
12	0.00517848512048609	0.636746530414969	0.0789891597044811	0.279085824760064
13	0.00649814338760354	0.0	0.983647529277349	0.00985432733504713
14	0.19777520947703	0.227607627853222	0.435712221901185	0.138904940768564
15	0.111445976274447	0.676050016030779	0.0627765309394036	0.14972747675537
16	0.270442068766253	0.260907252239237	0.252817104882982	0.215833574111528
