Pos	A	C	G	T
1	0.227391304347826	0.157826086956522	0.505217391304348	0.109565217391304
2	0.823644357596483	0.029799706888129	0.0674157303370786	0.0791402051783097
3	0.859765425803162	0.0331463539010709	0.0071392146863845	0.099949005609383
4	0.0194426441996111	0.546338302009073	0.016202203499676	0.41801685029164
5	0.0	0.0	1.0	0.0
6	0.65962441314554	0.104851330203443	0.0	0.235524256651017
7	0.00881834215167548	0.0	0.0	0.991181657848324
8	1.0	0.0	0.0	0.0
9	0.0163360560093349	0.983663943990665	0.0	0.0
10	0.780555555555556	0.11712962962963	0.0888888888888889	0.0134259259259259
