Pos	A	C	G	T
1	0.178883580002331	0.18657499125976	0.146719496562172	0.487821932175737
2	0.159937585332553	0.0999609908328457	0.21630583187049	0.523795591964112
3	0.0209934395501406	0.41593252108716	0.0263355201499531	0.536738519212746
4	0.000699056274030059	0.0	0.99930094372597	0.0
5	0.0	0.0770462063813894	0.00864368797353537	0.914310105645075
6	0.899381794926455	0.00149221914303986	0.0925175868684715	0.00660839906203368
7	0.948484499250893	0.0	0.0512850063385963	0.000230494410510545
8	0.000116536534203473	0.00442838829973197	0.0	0.995455075166065
9	0.000800091439021602	0.000114298777003086	0.0218310664075894	0.977254543376386
10	0.999417588817705	0.0	0.0005824111822947	0.0
11	0.000114272654553765	0.0	0.974060107416295	0.025825619929151
12	0.00011648223645894	0.998485730926034	0.00011648223645894	0.00128130460104834
13	0.946529504860954	0.000113045444268596	0.0525661315848971	0.000791318109880172
14	0.00022583559168925	0.948622402890696	0.00711382113821138	0.0440379403794038
15	0.969917958067457	0.0292844120328168	0.0	0.000797629899726527
16	0.000575970510309872	0.00668125791959452	0.00437737587835503	0.988365395691741
17	0.112647590681842	0.00978619295819594	0.828954366556749	0.0486118498032124
18	0.562306672558551	0.0416482545293858	0.315399911621741	0.0806451612903226
19	0.198904684222792	0.283616872523887	0.207061291074342	0.310417152178979
