Pos	A	C	G	T
1	0.448339271348121	0.143087001494081	0.315136191242386	0.093437535915412
2	0.729927830401443	0.0321380243572395	0.168358141632837	0.0695760036084799
3	0.274367816091954	0.0328735632183908	0.458620689655172	0.234137931034483
4	0.00125973431058177	0.0338983050847458	0.00824553366926248	0.95659642693541
5	0.000114916111238796	0.000114916111238796	0.999655251666284	0.000114916111238796
6	0.000114929318469141	0.000114929318469141	0.0	0.999770141363062
7	0.0	0.000229858636938283	0.0	0.999770141363062
8	0.940063810391978	0.0	0.0566317228805834	0.00330446672743847
9	0.989774816176471	0.000114889705882353	0.000459558823529412	0.00965073529411765
10	0.0	0.999885083888761	0.000114916111238796	0.0
11	0.97765617875057	0.00056999544003648	0.000341997264021888	0.0214318285453716
12	0.000229805814087096	0.000114902907043548	0.999540388371826	0.000114902907043548
13	0.999540388371826	0.000114902907043548	0.000229805814087096	0.000114902907043548
14	0.000114929318469141	0.0	0.999885070681531	0.0
15	0.0	1.0	0.0	0.0
16	0.0566999132697311	0.943300086730269	0.0	0.0
17	0.000108365843086259	0.0572171651495449	0.000108365843086259	0.942566103164283
18	0.0	0.99804642610894	0.000919328889910365	0.00103424500114916
19	0.246868176071716	0.080450522928399	0.225836110791863	0.446845190208022
