Pos	A	C	G	T
1	0.14714494875549	0.0732064421669107	0.740117130307467	0.0395314787701318
2	0.962857142857143	0.0133333333333333	0.00666666666666667	0.0171428571428571
3	0.990205680705191	0.0	0.0019588638589618	0.00783545543584721
4	0.0149647887323944	0.889964788732394	0.0	0.0950704225352113
5	0.00391389432485323	0.00391389432485323	0.989236790606654	0.00293542074363992
6	0.968390804597701	0.0	0.00574712643678161	0.0258620689655172
7	0.0106692531522793	0.00872938894277401	0.0	0.980601357904947
8	0.991176470588235	0.0	0.00392156862745098	0.00490196078431373
9	0.00295566502463054	0.996059113300493	0.000985221674876847	0.0
10	0.691518467852257	0.12311901504788	0.174418604651163	0.0109439124487004
