Pos	A	C	G	T
1	0.360482027841263	0.0741741117805942	0.311240390608768	0.254103469769375
2	0.279953917050691	0.0334101382488479	0.0681643625192012	0.61847158218126
3	0.117373412059402	0.0431204151010914	0.0379316514582215	0.801574521381285
4	0.0641444209717688	0.0201651622815441	0.0255425388899558	0.890147877856731
5	0.0687022900763359	0.0681697141842713	0.0823717379726611	0.780756257766732
6	0.0680558210667176	0.00611737717453642	0.859873829095775	0.0659529726629707
7	0.00061893955023726	0.0119661646379204	0.987414895811842	0.0
8	0.0249693000409333	0.974007367990176	0.0	0.00102333196889071
9	0.0	0.0	0.944252288911495	0.0557477110885046
10	0.0	0.989307012132429	0.0102817191034341	0.000411268764137364
11	0.125665236051502	0.752274678111588	0.00755364806866953	0.11450643776824
12	0.63843797856049	0.157120980091884	0.0462480857580398	0.158192955589587
13	0.498608349900596	0.0306163021868787	0.0377733598409543	0.433001988071571
14	0.440897659121687	0.0514606306829174	0.0452698781195589	0.462371832075837
15	0.402636534839925	0.0576271186440678	0.0828625235404896	0.456873822975518
16	0.165800955744858	0.284437980469562	0.0895491377519219	0.460211926033659
