Pos	A	C	G	T
1	0.549196787148594	0.123493975903614	0.119477911646586	0.207831325301205
2	0.511506276150628	0.096234309623431	0.115062761506276	0.277196652719665
3	0.129292929292929	0.0676767676767677	0.0414141414141414	0.761616161616162
4	0.0252252252252252	0.233333333333333	0.0621621621621622	0.679279279279279
5	0.00919842312746386	0.0	0.990801576872536	0.0
6	0.482758620689655	0.371352785145889	0.00397877984084881	0.141909814323607
7	0.0845948352626892	0.214603739982191	0.0293855743544078	0.671415850400712
8	0.984334203655353	0.00391644908616188	0.00783289817232376	0.00391644908616188
9	0.00393700787401575	0.989501312335958	0.00656167979002625	0.0
10	0.809012875536481	0.0	0.0772532188841202	0.113733905579399
11	0.127300613496933	0.203220858895706	0.0912576687116564	0.578220858895706
12	0.188079470198675	0.189403973509934	0.193377483443709	0.429139072847682
