Pos	A	C	G	T
1	0.365664160401003	0.14937343358396	0.347869674185464	0.137092731829574
2	0.0280347631062518	0.617886178861789	0.111578357162882	0.242500700869078
3	0.000620539869686627	0.0	0.998758920260627	0.000620539869686627
4	0.00102616726526424	0.183940482298615	0.0	0.815033350436121
5	0.938380281690141	0.0155516431924883	0.00146713615023474	0.0446009389671361
6	0.752685485885586	0.0574569073195104	0.00124906320259805	0.188608543592306
7	0.0	0.0	0.0	1.0
8	0.0	0.99504797276385	0.000928505106778087	0.00402352212937171
9	0.00087463556851312	0.0230320699708455	0.0755102040816327	0.900583090379009
10	0.999378881987578	0.0	0.00062111801242236	0.0
11	0.0153609831029186	0.0	0.984639016897081	0.0
12	0.000308071472581639	0.000924214417744917	0.987060998151571	0.0117067159581023
13	0.995967741935484	0.0	0.0021712158808933	0.00186104218362283
14	0.993197278911565	0.000618429189857761	0.0015460729746444	0.00463821892393321
15	0.20745501285347	0.112339331619537	0.00874035989717224	0.67146529562982
16	0.235851408626278	0.169035153328347	0.195711792570431	0.399401645474944
