Pos	A	C	G	T
1	0.12621359223301	0.521574973031284	0.0528586839266451	0.299352750809061
2	0.00217076700434153	0.00434153400868307	0.00361794500723589	0.98986975397974
3	0.994173343044428	0.0021849963583394	0.00291332847778587	0.000728332119446468
4	0.999270072992701	0.0	0.00072992700729927	0.0
5	0.000728332119446468	0.00145666423889294	0.0	0.997815003641661
6	0.0	0.00578452639190166	0.00650759219088937	0.987707881417209
7	0.794856459330144	0.0586124401913876	0.102870813397129	0.0436602870813397
8	0.389417989417989	0.0201058201058201	0.58994708994709	0.000529100529100529
9	0.800973828362751	0.100426049908704	0.0766889835666464	0.021911138161899
10	0.00474254742547425	0.0528455284552846	0.0176151761517615	0.92479674796748
11	0.0078125	0.0113636363636364	0.00852272727272727	0.972301136363636
12	0.970106761565836	0.00284697508896797	0.00782918149466192	0.0192170818505338
13	0.41588492808005	0.0888055034396498	0.335834896810507	0.159474671669794
