Pos	A	C	G	T
1	0.311900958466454	0.192092651757189	0.354233226837061	0.141773162939297
2	0.25783855903936	0.115410273515677	0.577384923282188	0.0493662441627752
3	0.0	1.0	0.0	0.0
4	0.964189449364652	0.0146322680015402	0.0	0.0211782826338082
5	0.00151745068285281	0.15660091047041	0.759939301972686	0.0819423368740516
6	0.0825852782764812	0.749251944943148	0.154398563734291	0.0137642130460802
7	0.0304698972099853	0.0	0.0502936857562408	0.919236417033774
8	0.000399201596806387	0.0	0.999600798403194	0.0
9	0.0328528327187395	0.604760308414348	0.128059001005699	0.234327857861214
10	0.146166134185304	0.303913738019169	0.214856230031949	0.335063897763578
