Pos	A	C	G	T
1	0.248741188318228	0.369587109768379	0.124874118831823	0.256797583081571
2	0.108367626886145	0.0781893004115226	0.681069958847737	0.132373113854595
3	0.0	0.812602291325696	0.00572831423895254	0.181669394435352
4	0.0453703703703704	0.0101851851851852	0.919444444444444	0.025
5	0.0283748925193465	0.0111779879621668	0.106620808254514	0.853826311263972
6	0.0381211708645337	0.675970047651464	0.0884955752212389	0.197413206262764
7	0.0726159230096238	0.0568678915135608	0.868766404199475	0.00174978127734033
8	0.0293159609120521	0.0944625407166124	0.0675895765472313	0.808631921824104
9	0.0318532818532819	0.00965250965250965	0.958494208494209	0.0
10	0.0611075747931254	0.147676639083386	0.159134309357097	0.632081476766391
