Pos	A	C	G	T
1	0.364604125083167	0.149700598802395	0.351297405189621	0.134397870924817
2	0.0748898678414097	0.530837004405286	0.142621145374449	0.251651982378855
3	0.0154340836012862	0.00514469453376206	0.965273311897106	0.0141479099678457
4	0.0311258278145695	0.473509933774834	0.0139072847682119	0.481456953642384
5	0.486767169179229	0.0850921273031826	0.0368509212730318	0.391289782244556
6	0.551485551485551	0.127391127391127	0.0512820512820513	0.26984126984127
7	0.0066006600660066	0.0	0.0	0.993399339933993
8	0.00124766063630692	0.931378665003119	0.000623830318153462	0.0667498440424205
9	0.0623567171022467	0.128381476386978	0.198991288399817	0.610270518110958
10	0.988823142669296	0.00657462195923734	0.0019723865877712	0.00262984878369494
11	0.11345496009122	0.0	0.83751425313569	0.0490307867730901
12	0.0257584430452204	0.0503720663995421	0.838008013737836	0.0858614768174013
13	0.789130434782609	0.0407608695652174	0.078804347826087	0.091304347826087
14	0.834862385321101	0.0229357798165138	0.0309633027522936	0.111238532110092
15	0.205029838022165	0.228900255754476	0.0652173913043478	0.500852514919011
16	0.230053191489362	0.148271276595745	0.190824468085106	0.430851063829787
