Pos	A	C	G	T
1	0.495459704880817	0.122587968217934	0.274120317820658	0.10783200908059
2	0.5904	0.0933333333333333	0.244266666666667	0.072
3	0.0994361865709892	0.0420297283444388	0.726806765761148	0.131727319323424
4	0.0	0.0	1.0	0.0
5	1.0	0.0	0.0	0.0
6	0.0188574597892402	0.00554631170271769	0.00110926234054354	0.974486966167499
7	0.980523094045632	0.00111296605453534	0.0	0.0183639398998331
8	1.0	0.0	0.0	0.0
9	0.0	0.0	1.0	0.0
10	1.0	0.0	0.0	0.0
11	0.0	0.0	0.0	1.0
12	1.0	0.0	0.0	0.0
13	1.0	0.0	0.0	0.0
14	0.0	0.00113378684807256	0.998866213151927	0.0
15	0.926695842450766	0.0711159737417943	0.0	0.00218818380743982
16	0.982603815937149	0.0	0.00448933782267116	0.0129068462401796
17	0.0340522133938706	0.230419977298524	0.269012485811578	0.466515323496027
18	0.0789066529138731	0.82723053120165	0.0226921093347086	0.0711707065497679
19	0.63765903307888	0.167430025445293	0.145547073791349	0.0493638676844784
20	0.234392735527809	0.28433598183882	0.213961407491487	0.267309875141884
