Pos	A	C	G	T
1	0.325368826170622	0.1608402822322	0.387267479153303	0.126523412443874
2	0.0475639966969447	0.451362510322048	0.213872832369942	0.287200660611065
3	0.000203624516391774	0.000203624516391774	0.999592750967216	0.0
4	0.00270356234096692	0.251113231552163	0.000159033078880407	0.74602417302799
5	0.91012947448591	0.0595963442498096	0.00304645849200305	0.0272277227722772
6	0.780399868895444	0.0539167486070141	0.00491642084562439	0.160766961651917
7	0.00081383519837233	0.0	0.0	0.999186164801628
8	0.000203624516391774	0.999592750967216	0.0	0.000203624516391774
9	0.0	0.00457317073170732	0.766260162601626	0.229166666666667
10	0.997153314355429	0.0	0.000203334688897926	0.00264335095567304
11	0.0231109324758842	0.00020096463022508	0.97588424437299	0.000803858520900322
12	0.000203169443315725	0.000812677773262901	0.996749288906948	0.00223486387647298
13	0.983857949959645	0.000403551251008878	0.011501210653753	0.00423728813559322
14	0.993715791607541	0.00020271639975674	0.00121629839854044	0.00486519359416177
15	0.175463399308828	0.169337103361609	0.0103675777568332	0.64483191957273
16	0.218957203134418	0.184749849306811	0.230560578661844	0.365732368896926
