Pos	A	C	G	T
1	0.336143148413012	0.23921974376921	0.18693892456103	0.237698183256748
2	0.606034440223023	0.018601667735728	0.17407608427493	0.20128780776632
3	0.0103587823145687	0.000845614882821938	0.00108721913505678	0.987708383667553
4	0.0137220754263752	0.0111698294499159	0.00150132116262311	0.973606773961086
5	0.0286321842522987	0.966485968432717	0.00467219743029141	0.000209649884692563
6	0.00910057912776268	0.944421463184021	0.000236378678643186	0.0462415790095733
7	0.0007904177053566	0.000334407490727792	9.12020429257615e-05	0.99878397276099
8	0.842119828421198	0.041621696416217	0.112024353120244	0.00423412204234122
9	0.0131864161849711	0.0	0.986813583815029	0.0
10	0.999908714703018	3.04284323271665e-05	6.0856864654333e-05	0.0
11	0.891265750286369	0.0150057273768614	0.0689003436426117	0.0248281786941581
12	0.93282076767913	0.000233870260473003	0.00362498903733154	0.0633203730230655
13	0.0149124379893611	0.0011356165202319	0.975673898750822	0.0082780467395852
14	0.0497750651127305	0.779300728736418	0.00605088000841862	0.164873326142432
15	0.553721120425271	0.108311183806992	0.182145777959517	0.155821917808219
16	0.303134510042605	0.204656116859404	0.259190505173463	0.233018867924528
