Pos	A	C	G	T
1	0.295777146912704	0.202625975869411	0.340489709013485	0.1611071682044
2	0.847159603246168	0.00631199278629396	0.106552449654343	0.0399759543131951
3	0.0125065138092757	0.979155810317874	0.00799027271148168	0.000347403161368768
4	0.00282985496993279	0.996993279094446	0.0	0.000176865935620799
5	0.0	0.000177336407164391	0.999645327185671	0.000177336407164391
6	0.000531820599184542	0.0	0.999290905867754	0.000177273533061514
7	0.999468085106383	0.000177304964539007	0.000177304964539007	0.000177304964539007
8	0.133895705521472	0.00138036809815951	0.000153374233128834	0.864570552147239
9	0.867631214406649	0.0	0.00138525473295367	0.130983530860397
10	0.0	0.0	0.0	1.0
11	0.0	0.999645327185671	0.000177336407164391	0.000177336407164391
12	0.0	0.999822632139056	0.0	0.000177367860943597
13	0.0	0.000176429075511644	0.994530698659139	0.00529287226534933
14	0.000173460537727667	0.011968777103209	0.977797051170859	0.0100607111882047
15	0.0350718065003779	0.106878306878307	0.00589569160997732	0.852154195011338
16	0.15986515259049	0.344038325053229	0.199077359829666	0.297019162526615
