Pos	A	C	G	T
1	0.309934562760262	0.201665675193337	0.290303390838786	0.198096371207615
2	0.619152854511971	0.0537753222836096	0.185635359116022	0.141436464088398
3	0.0949929808142256	0.786616752456715	0.0912494150678521	0.0271408516612073
4	0.107011070110701	0.886136004217185	0.00579862941486558	0.00105429625724829
5	0.00118483412322275	0.0023696682464455	0.99585308056872	0.000592417061611374
6	0.0	0.0	0.996443390634262	0.003556609365738
7	0.998811645870469	0.0005941770647653	0.0005941770647653	0.0
8	0.309139784946237	0.0453149001536098	0.0	0.645545314900154
9	0.639163498098859	0.0	0.047148288973384	0.313688212927757
10	0.0	0.000594530321046373	0.0	0.999405469678954
11	0.001778304682869	0.996443390634262	0.001185536455246	0.000592768227622999
12	0.000592417061611374	0.99585308056872	0.0023696682464455	0.00118483412322275
13	0.0	0.00695559122525415	0.899411449973248	0.0936329588014981
14	0.0260511882998172	0.101005484460695	0.768281535648994	0.104661791590494
15	0.13147264047007	0.188762394417921	0.0624311421226588	0.61733382298935
16	0.207019631171921	0.273646638905413	0.208209399167162	0.311124330755503
