Pos	A	C	G	T
1	0.0155151515151515	0.0	0.984484848484849	0.0
2	0.00237471339665902	0.669014084507042	0.0	0.328611202096299
3	0.583142013775008	0.0409970482125287	0.375860938012463	0.0
4	0.392300114923658	0.518634050238056	0.0789689706123789	0.0100968642259071
5	0.0	1.0	0.0	0.0
6	0.999425758818704	0.0	0.000574241181296144	0.0
7	0.0	0.137060315360018	0.191255926783548	0.671683757856434
8	0.658896700919416	0.211249323958897	0.129853975121687	0.0
9	0.0	8.20546483958316e-05	0.000246163945187495	0.999671781406417
10	0.0	0.0	1.0	0.0
11	0.0080446560499097	0.100229847315712	0.304301428336891	0.587424068297488
12	0.0	0.274731579378739	0.116465863453815	0.608802557167445
13	0.788033635187581	0.0	0.204398447606727	0.00756791720569211
14	0.0	1.0	0.0	0.0
