Pos	A	C	G	T
1	0.318087318087318	0.237006237006237	0.30977130977131	0.135135135135135
2	0.818027210884354	0.0340136054421769	0.110544217687075	0.0374149659863946
3	0.0240480961923848	0.963927855711423	0.0100200400801603	0.00200400801603206
4	0.034136546184739	0.965863453815261	0.0	0.0
5	0.0	0.0	1.0	0.0
6	0.0	0.0	1.0	0.0
7	1.0	0.0	0.0	0.0
8	0.214634146341463	0.0032520325203252	0.0	0.782113821138211
9	0.763492063492063	0.0	0.0158730158730159	0.220634920634921
10	0.0	0.0	0.0	1.0
11	0.0	1.0	0.0	0.0
12	0.0	1.0	0.0	0.0
13	0.0	0.0	0.960079840319361	0.0399201596806387
14	0.0	0.00409836065573771	0.985655737704918	0.0102459016393443
15	0.0483870967741935	0.0734767025089606	0.0161290322580645	0.862007168458781
16	0.116424116424116	0.291060291060291	0.203742203742204	0.388773388773389
