Pos	A	C	G	T
1	0.286661753868828	0.144436256448047	0.358539765319426	0.210362224363698
2	0.192502179598954	0.0628073234524847	0.129520488230166	0.615170008718396
3	0.00237529691211401	0.0	0.0	0.997624703087886
4	0.0	0.0	0.0	1.0
5	0.102564102564103	0.0	0.0	0.897435897435897
6	1.0	0.0	0.0	0.0
7	0.0	0.843252545532769	0.0	0.156747454467231
8	0.0	0.0	1.0	0.0
9	1.0	0.0	0.0	0.0
10	0.0	0.664825429911412	0.0807191245440333	0.254455445544554
11	0.131746031746032	0.447619047619048	0.226020408163265	0.194614512471655
