Pos	A	C	G	T
1	0.318677892111007	0.114437168693483	0.335204240723418	0.231680698472092
2	0.18498306360557	0.0728264960481746	0.138878434324426	0.603312006021829
3	0.019484412470024	0.0	0.019484412470024	0.961031175059952
4	0.0147329650092081	0.000920810313075506	0.000306936771025169	0.984039287906691
5	0.150405440753335	0.00810881506670154	0.00287732147528119	0.838608422704682
6	1.0	0.0	0.0	0.0
7	0.0	0.923919308357349	0.0	0.0760806916426513
8	0.0104938271604938	0.0	0.989506172839506	0.0
9	0.994416873449132	0.0	0.00310173697270471	0.00248138957816377
10	0.00180234304595975	0.720336437368579	0.0348452988885551	0.243015920696906
11	0.163392578734019	0.351418771437481	0.242282507015903	0.242906142812597
