Pos	A	C	G	T
1	0.258327668252889	0.184908225696805	0.384092454112848	0.172671651937458
2	0.221019863622888	0.120219389267714	0.222798695523273	0.435962051586125
3	0.0215615811826201	0.00130676249591637	0.0163345311989546	0.960797125122509
4	0.014735432016075	0.0	0.000334896182183523	0.984929671801742
5	0.215105417667467	0.0	0.0	0.784894582332533
6	1.0	0.0	0.0	0.0
7	0.0	0.795509872869894	0.0	0.204490127130106
8	0.00636302746148694	0.0	0.984929671801742	0.0087073007367716
9	0.974163630341173	0.0	0.0211990725405764	0.00463729711825108
10	0.000590318772136954	0.583530106257379	0.131345926800472	0.284533648170012
11	0.161169670180211	0.378442706562394	0.273716422985379	0.186671200272016
