Pos	A	C	G	T
1	0.314144736842105	0.139802631578947	0.3125	0.233552631578947
2	0.136818687430478	0.0845383759733037	0.102335928809789	0.676307007786429
3	0.0	0.0	0.00977198697068404	0.990228013029316
4	0.0	0.0	0.0	1.0
5	0.161904761904762	0.0	0.0108843537414966	0.827210884353741
6	0.995090016366612	0.0	0.00490998363338789	0.0
7	0.0	0.135135135135135	0.0	0.864864864864865
8	0.00950118764845606	0.0570071258907363	0.211401425178147	0.72209026128266
9	0.737864077669903	0.0	0.262135922330097	0.0
10	0.0	0.836313617606602	0.0371389270976616	0.126547455295736
11	0.159018987341772	0.481012658227848	0.155063291139241	0.204905063291139
