Pos	A	C	G	T
1	0.0608191973520894	0.100537856847331	0.775755068266446	0.0628878775341332
2	0.131919482386772	0.169302659956866	0.673975557153127	0.0248023005032351
3	0.0201758923952406	0.969994826694258	0.00310398344542162	0.00672529746508019
4	0.881523272214386	0.00282087447108604	0.104842501175364	0.0108133521391631
5	0.015954950727358	0.879868606288128	0.0295635851712811	0.0746128578132332
6	0.0739519547809703	0.029674988224211	0.883184173339614	0.0131888836552049
7	0.0203449800973021	0.140645731977001	0.00973020787262273	0.829279080053074
8	0.0015552099533437	0.00362882322446864	0.972006220839813	0.0228097459823743
9	0.0132100396301189	0.397181858212241	0.16116248348745	0.428445618670189
10	0.0659477395271671	0.56864371630029	0.156366652841145	0.209041891331398
