Pos	A	C	G	T
1	0.295562411010916	0.142441860465116	0.354710488846701	0.207285239677266
2	0.156342865964262	0.0774574505036471	0.115665161514415	0.650534522017676
3	0.00312555286902164	0.000117945391283836	0.00271274399952822	0.994043757740166
4	0.0	0.0	0.0	1.0
5	0.0812312721329338	0.000108962135657859	0.000326886406973577	0.918332879324435
6	0.999881361964646	0.0	0.0	0.000118638035354135
7	0.0	0.945001962213377	0.0	0.0549980377866233
8	0.0	0.0	0.998519045080268	0.00148095491973224
9	0.989317995069844	0.0	0.00933208123019134	0.00134992369996478
10	0.0	0.780478770199565	0.0194471454368662	0.200074084363569
11	0.143272425249169	0.420977693402943	0.230956336022781	0.204793545325107
