Pos	A	C	G	T
1	0.258991318726747	0.191608102521703	0.383629599007854	0.165770979743696
2	0.21038469204704	0.110275064779749	0.197179589396053	0.482160653777158
3	0.00195091898552213	0.0	0.00451791765068282	0.993531163363795
4	0.0	0.0	0.0	1.0
5	0.145531614270576	0.0	0.0	0.854468385729424
6	1.0	0.0	0.0	0.0
7	0.0	0.923282442748092	0.0	0.0767175572519084
8	0.0	0.0	1.0	0.0
9	0.999896662188695	0.0	0.000103337811305157	0.0
10	0.0	0.688799133090336	0.04679341936755	0.264407447542114
11	0.145116279069767	0.416950904392765	0.272558139534884	0.165374677002584
