Pos	A	C	G	T
1	0.289463955637708	0.119038817005545	0.33826247689464	0.253234750462107
2	0.198924731182796	0.0787250384024578	0.202956989247312	0.519393241167435
3	0.011913357400722	0.00397111913357401	0.0075812274368231	0.976534296028881
4	0.0209084354722422	0.00396539293439077	0.0	0.975126171593367
5	0.107843137254902	0.00816993464052288	0.0	0.883986928104575
6	0.994119808893789	0.0	0.00588019110621095	0.0
7	0.0	0.918194161575017	0.0	0.081805838424983
8	0.0418975069252078	0.000346260387811634	0.936634349030471	0.0211218836565097
9	0.947792571829012	0.00455501051156272	0.0353889278206027	0.0122634898388227
10	0.0	0.591530510170057	0.0980326775591864	0.310436812270757
11	0.135674676524954	0.346765249537893	0.286136783733826	0.231423290203327
