Pos	A	C	G	T
1	0.178947368421053	0.24	0.488421052631579	0.0926315789473684
2	0.815068493150685	0.0	0.102739726027397	0.0821917808219178
3	0.0	0.106741573033708	0.00187265917602996	0.891385767790262
4	0.0	0.0400763358778626	0.908396946564885	0.0515267175572519
5	0.685878962536023	0.170028818443804	0.0389048991354467	0.105187319884726
6	0.00980392156862745	0.447058823529412	0.486274509803922	0.0568627450980392
7	0.124054462934947	0.0242057488653555	0.131618759455371	0.720121028744327
8	0.0513761467889908	0.873394495412844	0.0330275229357798	0.0422018348623853
9	0.903225806451613	0.0	0.0967741935483871	0.0
10	0.0684292379471229	0.191290824261275	0.0	0.740279937791602
11	0.220502901353965	0.39651837524178	0.382978723404255	0.0
