Pos	A	C	G	T
1	0.0901442307692308	0.167067307692308	0.0	0.742788461538462
2	0.0236220472440945	0.0031496062992126	0.973228346456693	0.0
3	0.107752956636005	0.812089356110381	0.0367936925098555	0.0433639947437582
4	0.0235478806907378	0.00627943485086342	0.0	0.970172684458399
5	0.0774278215223097	0.00131233595800525	0.811023622047244	0.110236220472441
6	0.953703703703704	0.0123456790123457	0.0	0.0339506172839506
7	0.0215749730312837	0.666666666666667	0.0711974110032362	0.240560949298813
8	0.342903575297942	0.028169014084507	0.33477789815818	0.294149512459372
9	0.188826815642458	0.249162011173184	0.120670391061453	0.441340782122905
10	0.3042071197411	0.058252427184466	0.399676375404531	0.237864077669903
