Pos	A	C	G	T
1	0.275791624106231	0.0827374872318693	0.345250255362615	0.296220633299285
2	0.0	0.0208522212148685	0.0915684496826836	0.887579329102448
3	0.00406917599186165	0.0	0.0	0.995930824008138
4	0.0	0.0	0.0	1.0
5	0.0841908325537886	0.0	0.0	0.915809167446211
6	0.978021978021978	0.0	0.0	0.021978021978022
7	0.0	0.0	0.0	1.0
8	0.0	0.0	0.221780604133545	0.778219395866455
9	0.695607763023493	0.0	0.304392236976507	0.0
10	0.0	0.812448132780083	0.0879668049792531	0.0995850622406639
11	0.143003064351379	0.508682328907048	0.115423901940756	0.232890704800817
