Pos	A	C	G	T
1	0.308483290488432	0.152482749289677	0.252739818698417	0.286294141523474
2	0.0514550264550265	0.306481481481481	0.0165343915343915	0.6255291005291
3	0.0040133779264214	0.0136454849498328	0.980735785953177	0.00160535117056856
4	0.0849756846685436	0.891988738162273	0.0	0.0230355771691835
5	0.0461221021968686	0.0945503095035805	0.00534045393858478	0.853987134360966
6	0.0495367510809141	0.00531192093885114	0.851760345892526	0.0933909820877085
7	0.918535705078628	0.034158288218613	0.00670275844289765	0.0406032482598608
8	0.0646835443037975	0.428481012658228	0.446962025316456	0.059873417721519
9	0.0519413731036256	0.00797120082283363	0.021985086140396	0.918102339933145
10	0.0791402658715368	0.864579450863461	0.0159025965958504	0.0403776866691514
11	0.848539924875803	0.0	0.100811826002666	0.0506482491215316
12	0.0203394222049488	0.000388651379712398	0.905169063350175	0.0741028630651639
13	0.0	0.977573087705246	0.0145507942864771	0.0078761180082766
14	0.617311475409836	0.00983606557377049	0.307147540983607	0.0657049180327869
15	0.277732683982684	0.229301948051948	0.172077922077922	0.320887445887446
