Pos	A	C	G	T
1	0.311050189793336	0.0957401940109658	0.308097849008857	0.285111767186841
2	0.122901385493073	0.0343928280358598	0.0697636511817441	0.772942135289324
3	0.00187617260787992	0.00291849072336877	0.00667083593912862	0.988534500729623
4	0.0	0.0	0.0021043771043771	0.997895622895623
5	0.045106725734998	0.0	0.0	0.954893274265002
6	0.996009241755934	0.0	0.00399075824406637	0.0
7	0.0	0.950491080376829	0.0	0.049508919623171
8	0.0	0.0	1.0	0.0
9	0.977530406101835	0.0	0.0140177283034426	0.00845186559472274
10	0.0	0.789018302828619	0.0169717138103161	0.194009983361065
11	0.117250105440742	0.375790805567271	0.192323913960354	0.314635175031632
