Pos	A	C	G	T
1	0.24952224952225	0.206024206024206	0.359359359359359	0.185094185094185
2	0.213562379566233	0.142798573244229	0.193104013775573	0.450535033413964
3	0.0340077486009471	0.004218682737839	0.0156693930262591	0.946104175634955
4	0.0253658536585366	0.0	0.0	0.974634146341463
5	0.216903409090909	0.00120738636363636	0.00142045454545455	0.78046875
6	0.996011964107677	0.0	0.00398803589232303	0.0
7	0.0	0.862558869701727	0.0	0.137441130298273
8	0.0057911617961511	0.0	0.979062722736992	0.0151461154668567
9	0.876665337056242	0.00781810929397687	0.0677303550059832	0.0477861986437974
10	0.000855505175806314	0.688253913936179	0.058944306613055	0.251946274274959
