Pos	A	C	G	T
1	0.310437947634143	0.125631090759657	0.30304097686979	0.26088998473641
2	0.169128618322889	0.0809459862727544	0.114518054312146	0.635407341092211
3	0.0165127020785219	0.0	0.0	0.983487297921478
4	0.0065321357751079	0.0	0.0	0.993467864224892
5	0.164016489988221	0.0	0.0	0.835983510011779
6	1.0	0.0	0.0	0.0
7	0.0	0.683657087815059	0.0	0.316342912184941
8	0.0	0.00093841642228739	0.999061583577713	0.0
9	0.964661909616038	0.0	0.0353380903839619	0.0
10	0.00158144438587243	0.630890880337375	0.100474433315762	0.267053241960991
