Pos	A	C	G	T
1	0.816753926701571	0.0802792321116928	0.0357766143106457	0.0671902268760907
2	0.844887348353553	0.00519930675909879	0.149913344887348	0.0
3	0.0107238605898123	0.975871313672922	0.0134048257372654	0.0
4	0.657650042265427	0.0101437024513948	0.319526627218935	0.0126796280642434
5	0.00974512743628186	0.1071964017991	0.0224887556221889	0.860569715142429
6	0.0267657992565056	0.0111524163568773	0.105576208178439	0.856505576208178
7	0.0758258258258258	0.854354354354354	0.0277777777777778	0.042042042042042
8	0.00609756097560976	0.00174216027874564	0.00348432055749129	0.988675958188153
9	0.985230234578627	0.0130321459600348	0.00173761946133797	0.0
10	0.0149960536700868	0.0205209155485399	0.905288082083662	0.0591949486977111
11	0.969798657718121	0.011744966442953	0.000838926174496644	0.0176174496644295
12	0.953985209531635	0.0246507806080526	0.0205423171733772	0.000821692686935086
13	0.00255536626916525	0.336456558773424	0.0119250425894378	0.649063032367973
14	0.000880281690140845	0.0	0.999119718309859	0.0
15	0.0	0.0	0.00258620689655172	0.997413793103448
16	0.0505569837189374	0.0205655526992288	0.0454155955441303	0.883461868037704
