Pos	A	C	G	T
1	0.0702840495265841	0.197742170429716	0.023306627822287	0.708667152221413
2	0.00603621730382294	0.011569416498994	0.97887323943662	0.00352112676056338
3	0.175495349777598	0.786898503841488	0.00889607763849575	0.0287100687424181
4	0.0148809523809524	0.0198412698412698	0.0	0.965277777777778
5	0.0312982998454405	0.0108191653786708	0.75193199381762	0.205950540958269
6	0.982332155477032	0.0	0.0	0.0176678445229682
7	0.00428724544480171	0.695248302965345	0.0521614862450875	0.248302965344766
8	0.28448275862069	0.0358439201451906	0.441470054446461	0.238203266787659
9	0.148885350318471	0.238455414012739	0.0768312101910828	0.535828025477707
10	0.367420349434738	0.0811921891058582	0.388489208633094	0.16289825282631
