Pos	A	C	G	T
1	0.305353478828577	0.141080644158428	0.333395510787788	0.220170366225207
2	0.179133632080892	0.0775977632234096	0.127274120035237	0.615994484660462
3	0.00604266863978296	0.000801578493032433	0.00147983721790603	0.991675915649279
4	0.00470064324591786	0.000185551707075705	0.00037110341415141	0.994742701632855
5	0.165126661129568	0.0	0.0	0.834873338870432
6	0.99993782641134	0.0	0.0	6.21735886595374e-05
7	0.0	0.765383334126493	0.0	0.234616665873507
8	0.0	0.0	0.990088648116228	0.00991135188377247
9	0.961097167443528	0.0	0.0368710409943827	0.00203179156208916
10	0.0	0.646968904622068	0.112474355364254	0.240556740013677
