Pos	A	C	G	T
1	0.54038641586518	0.0618776066048174	0.317984509319942	0.0797514682100604
2	0.759623537391894	0.00220451076818721	0.236476174325928	0.00169577751399016
3	0.00260394792104158	8.39983200335993e-05	0.986896262074759	0.0104157916841663
4	0.00318151373074347	0.00100468854655057	0.983673811118553	0.0121399866041527
5	0.00214769535767388	0.00644308607302164	0.0208987279035189	0.970510490665786
6	0.000322268772155978	0.946583951015147	0.0174025136964228	0.0356912665162746
7	0.770218879405054	0.00329586748922505	0.222597819656892	0.00388743344882954
8	0.21210315771555	0.283683717763214	0.252957698527534	0.251255425993702
9	0.00540319279574294	0.0272615636512485	0.0054850593532542	0.961850184199754
10	0.0313334952635414	0.0166788114322727	0.951259007367824	0.000728685936361428
11	0.969869572395575	0.021050024764735	0.00883275548951626	0.000247647350173353
12	0.013312123241795	0.983673811118553	0.0	0.00301406563965171
13	0.00691166554281861	0.990306810519218	0.000758597437626433	0.00202292650033715
14	0.0019494829632141	0.241057806407866	0.00220376334972029	0.7547889472792
15	0.0774534002893863	0.318750531960167	0.0611115839645927	0.542684483785854
