Pos	A	C	G	T
1	0.357706831445245	0.112598695502918	0.417095777548919	0.112598695502918
2	0.547611309717257	0.0321741956451089	0.399090022749431	0.0211244718882028
3	0.0338781575037147	0.0279346210995542	0.865676077265973	0.0725111441307578
4	0.0384615384615385	0.0153245192307692	0.875300480769231	0.0709134615384615
5	0.0274267276149503	0.05969346598548	0.129604732454961	0.783275073944609
6	0.0167306637410861	0.798957761930883	0.0822819528250137	0.102029621503017
7	0.570837312957657	0.0471187519898122	0.356574339382362	0.0254695956701687
8	0.194987984895297	0.276347408170271	0.2825266048747	0.246138002059732
9	0.0341596130592503	0.0371825876662636	0.0480652962515115	0.880592503022975
10	0.0873413986426674	0.0451460607848923	0.859545588669224	0.00796695190321629
11	0.873463268365817	0.0737631184407796	0.0422788605697151	0.0104947526236882
12	0.0600187558612066	0.910597061581744	0.005314160675211	0.0240700218818381
13	0.036624203821656	0.927707006369427	0.0222929936305732	0.0133757961783439
14	0.0169154228855721	0.367495854063018	0.0165837479270315	0.599004975124378
15	0.0947476828012358	0.38036388602815	0.137315482320632	0.387572948849983
