Pos	A	C	G	T
1	0.142705672562533	0.34898067376741	0.214974215624849	0.293339438045207
2	0.451021960043321	0.0417770813650713	0.505219254787197	0.00198170380441044
3	0.74988705975894	0.0330508321436961	0.0916713348632971	0.125390773234066
4	0.0	1.0	0.0	0.0
5	0.998748495788207	0.0	0.0	0.00125150421179302
6	0.221269007398125	0.0350627756223341	0.702918283249392	0.0407499337301492
7	0.0409899272254085	0.70070846787797	0.0371825148199913	0.22111909007663
8	0.00288336777355952	0.0	0.0	0.997116632226441
9	0.0	0.0	1.0	0.0
10	0.00482308513258353	0.123347836795009	0.020133814957721	0.851695263114687
11	0.00155806248027769	0.115138845061534	0.0648666771852319	0.818436415272957
12	0.236758397995084	0.308520892573136	0.290520025061449	0.164200684370331
