Pos	A	C	G	T
1	0.126051437216339	0.37125567322239	0.215733736762481	0.28695915279879
2	0.501905972045743	0.0419313850063532	0.452466212313735	0.00369643063416888
3	0.805341651233064	0.0318744517009455	0.0796373915586314	0.0831465055073594
4	0.0	1.0	0.0	0.0
5	0.991479659186367	0.0	0.00648025921036841	0.00204008160326413
6	0.152323892519971	0.0294722827402566	0.790002420721375	0.0282014040183975
7	0.0202735415153716	0.793088840474461	0.0391551682401356	0.147482449770031
8	0.0	0.0	0.0	1.0
9	0.0	0.0	1.0	0.0
10	0.00561262310706343	0.0938790638568252	0.0255744996293551	0.874933813406756
11	0.00820114914305358	0.0948779649364043	0.0854490988557678	0.811471787064774
12	0.202178517397882	0.343963691376702	0.304024205748865	0.149833585476551
