Pos	A	C	G	T
1	0.0904669260700389	0.253891050583658	0.0116731517509728	0.643968871595331
2	0.0029806259314456	0.00894187779433681	0.986587183308495	0.0014903129657228
3	0.098273572377158	0.879150066401062	0.00132802124833997	0.0212483399734396
4	0.00267737617135207	0.0829986613119143	0.0281124497991968	0.886211512717537
5	0.0249110320284698	0.0403321470937129	0.785290628706999	0.149466192170818
6	0.87682119205298	0.0450331125827815	0.00264900662251656	0.0754966887417219
7	0.027231467473525	0.531013615733737	0.199697428139183	0.242057488653555
8	0.182779456193353	0.205438066465257	0.268882175226586	0.342900302114804
9	0.268476621417798	0.129713423831071	0.363499245852187	0.238310708898944
10	0.290359383913292	0.120365088419852	0.211637193382772	0.377638334284084
11	0.072289156626506	0.0147255689424364	0.886211512717537	0.0267737617135207
12	0.0245231607629428	0.901907356948229	0.0204359673024523	0.053133514986376
13	0.493523316062176	0.0077720207253886	0.363989637305699	0.134715025906736
