Pos	A	C	G	T
1	0.392113301860594	0.130241599555679	0.328519855595668	0.149125242988059
2	0.604601391118245	0.0254146602461209	0.358747993579454	0.0112359550561798
3	0.0146003464488988	0.0089086859688196	0.891116060381094	0.0853749072011878
4	0.0378431857531536	0.0	0.890675241157556	0.0714815730892901
5	0.014118158123371	0.0525629887054735	0.151172893136403	0.782145960034752
6	0.0035288928098809	0.79422143802382	0.107190119100132	0.0950595500661667
7	0.439004598322965	0.0129835001352448	0.535028401406546	0.0129835001352448
8	0.187222222222222	0.259166666666667	0.311111111111111	0.2425
9	0.0210435902941808	0.15761219669315	0.0480996349581276	0.773244578054541
10	0.129039115646259	0.103528911564626	0.765518707482993	0.00191326530612245
11	0.80111234705228	0.130144605116796	0.0589543937708565	0.00978865406006674
12	0.0779317169717961	0.890895596239485	0.00074220682830282	0.0304304799604156
13	0.118181818181818	0.839393939393939	0.00932400932400932	0.0331002331002331
14	0.0157417289220918	0.315101387406617	0.0234791889007471	0.645677694770544
15	0.144959733407387	0.306581505137462	0.17967231324632	0.368786448208831
