Pos	A	C	G	T
1	0.477417486971627	0.0942868172167535	0.321607797722447	0.106687898089172
2	0.737749109463753	0.00072205641667469	0.259844035813998	0.00168479830557428
3	0.00242040588344815	0.0011171104077453	0.964624837088066	0.031837646620741
4	0.0103087952766974	0.0	0.971088515064899	0.018602689658404
5	0.0	0.0115912928398667	0.0426687354538402	0.945739971706293
6	0.000587278641127575	0.936212504517528	0.0257950849295266	0.0374051319118179
7	0.597510174766579	0.00612880057457505	0.394780943260713	0.00158008139813263
8	0.239685373739323	0.255368431211697	0.261110843024659	0.243835352024321
9	0.000718528453726768	0.39835217474612	0.00656255987737114	0.594366736922782
10	0.0348678834105148	0.0241078725143013	0.940888041405612	0.000136202669572324
11	0.943973763323312	0.0450487382709301	0.0109774984057575	0.0
12	0.0147093378448235	0.973917947271958	0.000516941585600827	0.0108557732976174
13	0.0323962018246137	0.964624837088066	0.000605101470862037	0.00237385961645876
14	0.000816483358148024	0.258585082368762	0.00384227462657893	0.736756159646511
15	0.108232001544103	0.313259988419224	0.0982435823200154	0.480264427716657
