Pos	A	C	G	T
1	0.119353686841635	0.460721299767899	0.0978396714872344	0.322085341903232
2	0.0591769847050255	0.0010924981791697	0.939730517115805	0.0
3	0.334642662302237	0.0853246044735406	0.0169121658483361	0.563120567375887
4	0.00135082979544577	0.995947510613663	0.00270165959089155	0.0
5	0.999032133178475	0.0	0.000967866821525358	0.0
6	0.00949428405347801	0.241619841116063	0.630691726409611	0.118194148420849
7	0.0193760899050572	0.55260608409223	0.341794225925208	0.0862236000775044
8	0.00691509796388782	0.00172877449097196	0.0	0.99135612754514
9	0.00173611111111111	0.00135030864197531	0.995563271604938	0.00135030864197531
10	0.220773623531947	0.0703587975433682	0.152785260209029	0.556082318715656
11	0.0134760937788444	0.371423297027875	0.0337825364592948	0.581318072733986
12	0.254263565891473	0.232364341085271	0.4	0.113372093023256
