Pos	A	C	G	T
1	0.177953078578015	0.164788443806987	0.24533859235734	0.411919885257658
2	0.0863885694897363	0.0163239147235679	0.161316469058076	0.73597104672862
3	0.000332225913621262	0.00140557117301303	0.000460005111167902	0.997802197802198
4	7.67498976668031e-05	0.000588415882112157	0.000460499386000819	0.99887433483422
5	0.000153633430634506	0.999743944282276	5.12111435448354e-05	5.12111435448354e-05
6	0.0	0.999641558707563	0.000332838342977111	2.56029494597778e-05
7	0.374928277410503	0.00593738306099539	0.599101908444555	0.0200324310839466
8	0.0883618481712939	0.257734863231226	0.0539135334494417	0.599989755148038
9	0.216914683810158	0.180851881259125	0.158107727377507	0.444125707553211
10	0.443192295871325	0.155952258989858	0.18118020694601	0.219675238192808
11	0.595584468804426	0.05406720622887	0.26155107058703	0.0887972543796742
12	0.0204020476963416	0.594356349107254	0.00459483081533275	0.380646772381071
13	2.56036049875822e-05	0.000307243259850987	0.999667153135161	0.0
14	2.56009830777502e-05	0.000307211796933002	0.999564783287678	0.000102403932311001
15	0.998389035211088	0.00066484261129721	0.000946122177615261	0.0
16	0.997776698781018	0.00025555186425085	0.00160997674478035	0.00035777260995119
17	0.739217690938695	0.154133060699004	0.016339126812829	0.0903101215494718
18	0.413328552402418	0.247874193217908	0.163533449441656	0.175263804938019
