Pos	A	C	G	T
1	0.16366612111293	0.16366612111293	0.307692307692308	0.364975450081833
2	0.1328125	0.0546875	0.21484375	0.59765625
3	0.0108359133126935	0.0139318885448916	0.0278637770897833	0.947368421052632
4	0.0421940928270042	0.0379746835443038	0.0590717299578059	0.860759493670886
5	0.0	0.990291262135922	0.00970873786407767	0.0
6	0.0851063829787234	0.868085106382979	0.0198581560283688	0.0269503546099291
7	0.580906148867314	0.0	0.409385113268608	0.00970873786407767
8	0.00163398692810458	0.418300653594771	0.0	0.580065359477124
9	0.0	0.0303030303030303	0.927272727272727	0.0424242424242424
10	0.03397341211226	0.0280649926144756	0.903988183161004	0.03397341211226
11	0.88953488372093	0.0319767441860465	0.0247093023255814	0.0537790697674419
12	0.906666666666667	0.04	0.00740740740740741	0.0459259259259259
13	0.640167364016736	0.197698744769874	0.0502092050209205	0.111924686192469
14	0.343698854337152	0.335515548281506	0.181669394435352	0.13911620294599
