Pos	A	C	G	T
1	0.364952754939256	0.291692232175727	0.175849797521168	0.167505215363848
2	0.0844432363866993	0.738334692398297	0.162181752287759	0.0150403189272447
3	0.0	0.990639435934841	0.000364697301239971	0.00899586676391928
4	0.986561743341404	0.0	0.0	0.0134382566585956
5	0.0	1.0	0.0	0.0
6	0.0	0.0	0.0	1.0
7	0.0	0.0211411411411411	0.0	0.978858858858859
8	0.308122953417133	0.129502482306961	0.552656596598711	0.00971796767719446
9	0.75099069210211	0.0500414708321814	0.0603631001750991	0.138604736890609
10	0.248619462510738	0.386059639219536	0.314026260890907	0.0512946373788195
