Pos	A	C	G	T
1	0.135092898072582	0.357874631012329	0.215141517624588	0.291890953290502
2	0.492941515413426	0.0790838375108038	0.336502448861999	0.0914721982137712
3	0.269885376866968	0.551580409864536	0.151441472733588	0.027092740534908
4	0.00409906063193851	0.983603757472246	0.0122971818958155	0.0
5	0.884095793675161	0.0	0.115904206324839	0.0
6	0.0	0.0447044704470447	0.0913591359135914	0.863936393639364
7	0.838404425680594	0.0915708254476634	0.0700247488717426	0.0
8	0.0	0.131765415347505	0.0	0.868234584652495
9	0.0	0.00565552699228792	0.986975149957155	0.00736932305055698
10	0.0138913005730161	0.131967355443653	0.584997395381143	0.269143948602188
11	0.0562547384382108	0.34510993176649	0.0705079605761941	0.528127369219105
12	0.293453724604966	0.192568154193436	0.389650981073103	0.124327140128495
