Pos	A	C	G	T
1	0.317252931323283	0.284087102177554	0.219095477386935	0.179564489112228
2	0.166382252559727	0.50938566552901	0.276621160409556	0.0476109215017065
3	0.00123915737298637	0.924721189591078	0.0	0.0740396530359356
4	0.942532365014209	0.0	0.000315756236185665	0.0571518787496053
5	0.00433622414943296	0.995663775850567	0.0	0.0
6	0.0	0.0	0.0	1.0
7	0.0	0.171983356449376	0.0	0.828016643550624
8	0.318069027746447	0.284683058876607	0.355289871418904	0.041958041958042
9	0.420600253628294	0.234606171621812	0.129209525151472	0.215584049598422
10	0.142043551088777	0.53500837520938	0.222110552763819	0.100837520938023
