Pos	A	C	G	T
1	0.43126742440489	0.108084923868754	0.348488097791122	0.112159553935235
2	0.676220472440945	0.0158530183727034	0.302887139107612	0.00503937007874016
3	0.0126569761692871	0.0118659151587066	0.922179373084149	0.0532977355878572
4	0.0298165137614679	0.00458715596330275	0.929996011168728	0.0356003191065018
5	0.00962874727020052	0.0213420686916816	0.0432797299980147	0.925749454040103
6	0.0	0.893123922620188	0.0434782608695652	0.0633978165102471
7	0.654089376053963	0.0127529510961214	0.328836424957841	0.0043212478920742
8	0.235981558914978	0.256781387370001	0.261820521067867	0.245416532647153
9	0.00832630691399663	0.302698145025295	0.00874789207419899	0.680227655986509
10	0.059403071573457	0.0366077465468946	0.900801699990341	0.00318748188930745
11	0.916830515139599	0.0527919779787652	0.0215296893432953	0.00884781753834054
12	0.0299299299299299	0.933533533533534	0.0046046046046046	0.0319319319319319
13	0.0574280913314224	0.921814767223485	0.00345952357418207	0.0172976178709103
14	0.00985221674876847	0.289277853474479	0.0126821087936275	0.688187820983125
15	0.107560321715818	0.33887399463807	0.116353887399464	0.437211796246649
