Pos	A	C	G	T
1	0.1648244473342	0.1277633289987	0.283159947984395	0.424252275682705
2	0.0371062466631073	0.0122797650827549	0.129471436198612	0.821142552055526
3	0.000974342318934719	0.0	0.0	0.999025657681065
4	0.0	0.0	0.00324044069993519	0.996759559300065
5	0.0	1.0	0.0	0.0
6	0.00161655350792111	0.994503718073068	0.00387972841901067	0.0
7	0.935523114355231	0.0	0.0635644768856448	0.000912408759124088
8	0.0	0.0754433423504659	0.0	0.924556657649534
9	0.00129032258064516	0.00129032258064516	0.992258064516129	0.00516129032258065
10	0.0	0.00324044069993519	0.996759559300065	0.0
11	0.998377150275884	0.000324569944823109	0.000973709834469328	0.000324569944823109
12	0.999025657681065	0.0	0.0	0.000974342318934719
13	0.806290956749672	0.139711664482307	0.00681520314547837	0.0471821756225426
14	0.461963589076723	0.280559167750325	0.126462938881664	0.131014304291287
