Pos	A	C	G	T
1	0.368517789155836	0.123408165944598	0.386897728764605	0.121176316134961
2	0.557185854025583	0.0324805618259343	0.398043641835967	0.0122899423125157
3	0.023936170212766	0.010522664199815	0.880781683626272	0.0847594819611471
4	0.0243990384615385	0.0	0.915504807692308	0.0600961538461538
5	0.00742240215924426	0.0287899235267656	0.107174988753936	0.856612685560054
6	0.000786340148281285	0.855650415636936	0.0851494046281734	0.0584138395866097
7	0.535447051363348	0.024857324032974	0.430691185795815	0.00900443880786303
8	0.211265756302521	0.290441176470588	0.298581932773109	0.199711134453782
9	0.0138333513455096	0.121149897330595	0.0418242732086891	0.823192478115206
10	0.0697463768115942	0.0665760869565217	0.862432065217391	0.00124547101449275
11	0.891815946610467	0.0738789368926355	0.0307926472310034	0.00351246926589392
12	0.0266097652817874	0.956068783732898	0.00715451236349944	0.010166938621815
13	0.0799533799533799	0.887762237762238	0.00990675990675991	0.0223776223776224
14	0.0214241486068111	0.393808049535604	0.0352941176470588	0.549473684210526
15	0.137043843528485	0.352192176424258	0.146757679180887	0.364006300866369
