Pos	A	C	G	T
1	0.379770114942529	0.210574712643678	0.221379310344828	0.188275862068966
2	0.551204055766793	0.0416983523447402	0.300253485424588	0.106844106463878
3	0.0213723284589426	0.345106861642295	0.0	0.633520809898763
4	0.0	0.0	1.0	0.0
5	0.0	0.0	1.0	0.0
6	0.991112123974476	0.00888787602552416	0.0	0.0
7	1.0	0.0	0.0	0.0
8	0.747379274789483	0.186286303488572	0.0218250558515209	0.0445093658704245
9	0.406220810760321	0.305996637399589	0.167102559312535	0.120679992527555
10	0.260170075844633	0.145253964605838	0.0799816134222018	0.514594346127327
