Pos	A	C	G	T
1	0.718778193066117	0.032736177342441	0.247196803711819	0.00128882587962366
2	0.0164941217757501	0.00228110194771012	0.0026320407088963	0.978592735567643
3	0.0128125	0.87140625	0.11375	0.00203125
4	0.920752847944527	0.00165098233448902	0.0260855208849265	0.0515106488360575
5	0.00231368728689722	0.198002922552362	0.679128105211885	0.120555284948855
6	0.0127673685955895	0.0625103631238601	0.92472226828055	0.0
7	0.0291569476841053	0.0366544485171609	0.00499833388870377	0.92919026991003
8	0.00121212121212121	0.0304761904761905	0.965714285714286	0.0025974025974026
9	0.950085178875639	0.0020442930153322	0.0248722316865417	0.0229982964224872
10	0.00716905635211737	0.215738579526509	0.0628542847615872	0.714238079359787
