Pos	A	C	G	T
1	0.639645305326709	0.0418212691025722	0.237092006792026	0.0814414187786932
2	0.122693960070761	0.642595400555977	0.226055092241597	0.0086555471316654
3	0.0565845526949435	0.941933691424338	0.00129653639562882	0.000185219485089831
4	0.970052455889366	0.000476871721506915	0.0155460181211254	0.0139246542680019
5	0.000290360046457607	0.0024196670538134	0.0128726287262873	0.984417344173442
6	0.978262960469366	0.0174088679426758	0.00413580840627104	0.000192363181687025
7	0.00882494004796163	0.0146762589928058	0.000863309352517986	0.975635491606715
8	0.0	0.0	0.976759819456449	0.0232401805435513
9	0.0057029506570791	0.153566410447144	0.324324324324324	0.516406314571452
10	0.044459234608985	0.240066555740433	0.0385357737104825	0.6769384359401
