Pos	A	C	G	T
1	0.553757288431148	0.117050841915972	0.234592120320419	0.0945997493324614
2	0.0	0.0	0.0	1.0
3	0.312098092643052	0.22158038147139	0.271607629427793	0.194713896457766
4	0.743587665626646	0.210381295838567	0.0	0.0460310385347867
5	0.951321928460342	0.0127008812856402	0.000984966303784344	0.0349922239502333
6	0.0	0.0	0.0	1.0
7	0.560611501564664	0.0201097829990253	0.0384753501256861	0.380803365310624
8	0.98286112152536	0.0	0.0	0.0171388784746398
9	0.0	0.0	0.0	1.0
10	0.0847362698909498	0.0	0.604586037623958	0.310677692485092
11	0.0405913978494624	0.616633064516129	0.103259408602151	0.239516129032258
12	1.0	0.0	0.0	0.0
13	0.132410636442894	0.132192676547515	0.119877942458588	0.615518744551003
