Pos	A	C	G	T
1	0.618818818818819	0.0524524524524525	0.322122122122122	0.00660660660660661
2	0.0152420185375901	0.00679711637487127	0.00988671472708548	0.968074150360453
3	0.0203606748109366	0.911382586775257	0.0680628272251309	0.000193911188675587
4	0.957035227041336	0.00447973936061902	0.0177153329260843	0.0207697006719609
5	0.0	0.14578921648477	0.765597002769181	0.0886137807460499
6	0.0118355065195587	0.0453360080240722	0.942828485456369	0.0
7	0.0	0.0207425845260319	0.00435594275046671	0.974901472723501
8	0.00437408873151427	0.0158300354092897	0.978962716100812	0.00083315975838367
9	0.964696223316913	0.0	0.0233990147783251	0.0119047619047619
10	0.00109809663250366	0.206259150805271	0.138543191800878	0.654099560761347
