Pos	A	C	G	T
1	0.128890837352039	0.0534853134590092	0.10872424375274	0.708899605436212
2	0.0	0.0263046245226983	0.00848536274925753	0.965210012728044
3	0.225077081192189	0.643371017471737	0.121959575196985	0.00959232613908873
4	0.864493322859387	0.0192458758837392	0.0883739198743126	0.0278868813825609
5	0.00175284837861525	0.996056091148116	0.0	0.00219106047326906
6	0.422338568935428	0.00785340314136126	0.569371727748691	0.00043630017452007
7	0.170644816530103	0.770573566084788	0.048806555040969	0.00997506234413965
8	0.0927536231884058	0.327536231884058	0.447826086956522	0.131884057971014
9	0.144654088050314	0.0761705101327743	0.0506638714185884	0.728511530398323
10	0.0	0.006941431670282	0.00130151843817787	0.99175704989154
11	0.25894538606403	0.672316384180791	0.0549278091650973	0.0138104205900816
12	0.897790055248619	0.00947119179163378	0.0540647198105762	0.0386740331491713
13	0.0	0.998247919404293	0.000876040297853701	0.000876040297853701
14	0.860866232272901	0.012265235722499	0.126485243388271	0.000383288616328095
15	0.00391815411406182	0.991728341314758	0.00391815411406182	0.00043535045711798
16	0.0614769006911604	0.747908330301928	0.0858493997817388	0.104765369225173
17	0.0268126888217523	0.113670694864048	0.0154833836858006	0.844033232628399
18	0.191582639193336	0.313020604997808	0.077159140727751	0.418237615081105
