Pos	A	C	G	T
1	0.489795918367347	0.0959183673469388	0.164285714285714	0.25
2	0.679213002566296	0.0889649272882806	0.174508126603935	0.0573139435414885
3	0.0921052631578947	0.147832817337461	0.658668730650155	0.101393188854489
4	0.0	0.00609137055837563	0.993908629441624	0.0
5	0.000868055555555556	0.224826388888889	0.0190972222222222	0.755208333333333
6	0.0	0.0	0.99796126401631	0.00203873598369011
7	0.0466367713004484	0.0708520179372197	0.0358744394618834	0.846636771300448
8	0.0173697270471464	0.110008271298594	0.760132340777502	0.112489660876758
9	0.99796126401631	0.0	0.0	0.00203873598369011
10	0.648621041879469	0.0541368743615935	0.00510725229826353	0.292134831460674
11	0.449438202247191	0.0500510725229826	0.0643513789581205	0.436159346271706
12	0.263534218590398	0.00715015321756895	0.0531154239019408	0.676200204290092
13	0.00101936799184506	0.00101936799184506	0.0	0.99796126401631
14	0.104060913705584	0.781725888324873	0.101522842639594	0.0126903553299492
15	0.846911369740376	0.0322291853178156	0.0877350044762757	0.0331244404655327
16	0.00305498981670061	0.996945010183299	0.0	0.0
17	0.789193976970771	0.00265721877767936	0.20814880425155	0.0
18	0.00101936799184506	0.99796126401631	0.00101936799184506	0.0
19	0.0814132104454685	0.659754224270353	0.168202764976959	0.0906298003072197
20	0.0609756097560976	0.151567944250871	0.0792682926829268	0.708188153310105
21	0.239263803680982	0.197341513292434	0.107361963190184	0.456032719836401
