Pos	A	C	G	T
1	0.693266832917706	0.119700748129676	0.114713216957606	0.0723192019950125
2	0.429602888086643	0.267148014440433	0.296028880866426	0.0072202166064982
3	0.0928792569659443	0.860681114551084	0.0	0.0464396284829721
4	0.817647058823529	0.0176470588235294	0.0470588235294118	0.117647058823529
5	0.0125	0.0125	0.579166666666667	0.395833333333333
6	0.313978494623656	0.597849462365591	0.0516129032258065	0.0365591397849462
7	0.0	0.0	0.0974025974025974	0.902597402597403
8	0.027972027972028	0.0	0.972027972027972	0.0
9	0.00325732899022801	0.0423452768729642	0.0488599348534202	0.905537459283388
10	0.00995024875621891	0.161691542288557	0.13681592039801	0.691542288557214
