Pos	A	C	G	T
1	0.664792691496838	0.0780042164441321	0.169360505973296	0.0878425860857344
2	0.0	0.00421052631578947	0.0	0.995789473684211
3	0.177589852008457	0.293868921775899	0.0824524312896406	0.446088794926004
4	0.839396628216504	0.0514640638864241	0.0062111801242236	0.102928127772848
5	0.812017167381974	0.0437768240343348	0.0188841201716738	0.125321888412017
6	0.0755232029117379	0.0345768880800728	0.0291173794358508	0.860782529572338
7	0.301541425818882	0.0529865125240848	0.035645472061657	0.609826589595376
8	0.987473903966597	0.0	0.00208768267223382	0.0104384133611691
9	0.0	0.0	0.0	1.0
10	0.00753579502637528	0.0	0.712886209495102	0.279577995478523
11	0.0646802325581395	0.6875	0.0356104651162791	0.212209302325581
12	0.896682464454976	0.0161137440758294	0.0872037914691943	0.0
13	0.164322250639386	0.126598465473146	0.104219948849105	0.604859335038363
