Pos	A	C	G	T
1	0.578508085550339	0.131455399061033	0.149713093375065	0.140323422013563
2	0.00269784172661871	0.0	0.0	0.997302158273381
3	0.251303935514462	0.143195827406354	0.525841631104789	0.0796586059743954
4	0.35528596187175	0.48050259965338	0.00996533795493934	0.154246100519931
5	0.998199819981998	0.0018001800180018	0.0	0.0
6	0.0237676056338028	0.0	0.0	0.976232394366197
7	0.460877042132416	0.0128976784178848	0.0335339638865004	0.492691315563199
8	0.96602787456446	0.0078397212543554	0.00609756097560976	0.0200348432055749
9	0.0	0.00982142857142857	0.0	0.990178571428571
10	0.165035587188612	0.00845195729537367	0.493327402135231	0.333185053380783
11	0.06158357771261	0.542033235581623	0.14613880742913	0.250244379276637
12	0.99106344950849	0.0	0.00625558534405719	0.00268096514745308
13	0.114810562571757	0.111366245694604	0.137198622273249	0.63662456946039
