Pos	A	C	G	T
1	0.329399141630901	0.27950643776824	0.196351931330472	0.194742489270386
2	0.0829383886255924	0.502843601895735	0.0696682464454976	0.344549763033175
3	0.360655737704918	0.0521609538002981	0.54595131644312	0.0412319920516642
4	0.222174473571122	0.143102707348517	0.544048130640309	0.0906746884400516
5	0.0496701590997284	0.652308886301901	0.0415211486224292	0.256499805975941
6	0.618362831858407	0.0365044247787611	0.238200589970501	0.10693215339233
7	0.802269751200349	0.061981667394151	0.0659100829332169	0.0698384984722829
8	0.0229262192580242	0.749895789912464	0.152563568153397	0.0746144226761151
9	0.0896614821591949	0.456999085086917	0.368252516010979	0.0850869167429094
10	0.0322195704057279	0.229116945107399	0.725139220365951	0.0135242641209228
11	0.0799825174825175	0.0572552447552448	0.0616258741258741	0.801136363636364
12	0.124455013872374	0.176377328577091	0.0210067380103052	0.67816091954023
13	0.303216479942176	0.0390314419949404	0.597759306107698	0.0599927719551861
14	0.088681446907818	0.686503306106573	0.173473356670556	0.0513418903150525
15	0.0124352331606218	0.504663212435233	0.0373056994818653	0.44559585492228
16	0.702656383890317	0.091688089117395	0.121679520137104	0.0839760068551842
17	0.231759656652361	0.233905579399142	0.189377682403433	0.344957081545064
