Pos	A	C	G	T
1	0.327131112072696	0.0125486802250108	0.659887494591086	0.00043271311120727
2	0.00260983036102653	0.00434971726837756	0.000869943453675511	0.99217050891692
3	0.0288667141838917	0.158232359230221	0.812900926585887	0.0
4	0.0210881484605652	0.00421762969211303	0.962041332770983	0.0126528890763391
5	0.013202333435677	0.700337734111145	0.136935830518882	0.149524101934295
6	0.0264150943396226	0.0146750524109015	0.956394129979036	0.00251572327044025
7	0.00468683425649766	0.0234341712824883	0.0	0.971878994461014
8	0.0	0.0188356164383562	0.976455479452055	0.00470890410958904
9	0.899447949526814	0.00473186119873817	0.0733438485804416	0.0224763406940063
10	0.0069344120196475	0.226524125975152	0.107483386304536	0.659058075700665
