Pos	A	C	G	T
1	0.663716814159292	0.0442477876106195	0.225663716814159	0.0663716814159292
2	0.358024691358025	0.567901234567901	0.0740740740740741	0.0
3	0.0818713450292398	0.87719298245614	0.0	0.0409356725146199
4	0.789473684210526	0.0736842105263158	0.0421052631578947	0.0947368421052632
5	0.0277777777777778	0.0126262626262626	0.378787878787879	0.580808080808081
6	0.501597444089457	0.479233226837061	0.0	0.0191693290734824
7	0.0	0.0679012345679012	0.00617283950617284	0.925925925925926
8	0.0	0.0	1.0	0.0
9	0.00492610837438424	0.201970443349754	0.0541871921182266	0.738916256157635
10	0.0	0.247148288973384	0.182509505703422	0.570342205323194
