Pos	A	C	G	T
1	0.242125147579693	0.205383707201889	0.208217237308146	0.344273907910272
2	0.370456998920475	0.474991003958258	0.0289222741993523	0.125629722921914
3	0.0416628047084994	0.000278060988043378	0.957781073315414	0.000278060988043378
4	0.997642399094681	0.001886080724255	0.00047152018106375	0.0
5	0.0830038022813688	0.70787072243346	0.0378707224334601	0.171254752851711
6	0.17290348908386	0.000489695980412161	0.826280350948786	0.000326463986941441
7	0.997501532079385	0.00197991797482676	0.00051854994578796	0.0
8	0.0469225566452486	0.763865404125803	0.178136624957727	0.0110754142712208
9	0.000703366782331426	0.0150520491418925	0.00361061614930132	0.980633967926475
10	0.0	0.000519014815513825	0.998773237708785	0.00070774747570067
11	0.000754183360829602	0.997831722837615	0.000895592740985152	0.000518501060570351
12	0.00160211101686929	0.992554895862784	0.000612571859391198	0.00523042126095561
13	0.987858410385729	0.00177454002054731	0.000700476323900252	0.00966657326982348
14	0.0040595399188092	0.982268676216695	0.0128785404320844	0.000793243432410993
15	0.00598407388210903	0.000801017763746878	0.992837958818263	0.000376949535880884
16	0.998442588135353	0.00080230308178772	0.000566331587144273	0.000188777195714758
17	0.992708627340295	0.000940822278671559	0.00484523473515853	0.00150531564587449
18	0.812135771164198	0.0214422349748654	0.0993371591262956	0.0670848347346412
19	0.23644692104269	0.302653947865508	0.378494522100491	0.0824046089913109
