Pos	A	C	G	T
1	0.495049504950495	0.331683168316832	0.145214521452145	0.0280528052805281
2	0.0977653631284916	0.079608938547486	0.790502793296089	0.032122905027933
3	0.00161030595813205	0.972624798711755	0.0144927536231884	0.0112721417069243
4	0.961722488038278	0.0111642743221691	0.0159489633173844	0.0111642743221691
5	0.0269503546099291	0.846808510638298	0.00851063829787234	0.117730496453901
6	0.279100529100529	0.0833333333333333	0.452380952380952	0.185185185185185
7	0.411861614497529	0.177924217462932	0.135090609555189	0.275123558484349
8	0.453795379537954	0.0775577557755776	0.107260726072607	0.361386138613861
9	0.316831683168317	0.128712871287129	0.117161716171617	0.437293729372937
10	0.256198347107438	0.208264462809917	0.135537190082645	0.4
11	0.185851318944844	0.164268585131894	0.630695443645084	0.0191846522781775
12	0.117161716171617	0.432343234323432	0.0478547854785479	0.402640264026403
13	0.0816326530612245	0.677070828331333	0.0348139255702281	0.206482593037215
14	0.553763440860215	0.408602150537634	0.0021505376344086	0.0354838709677419
15	0.998355263157895	0.00164473684210526	0.0	0.0
16	0.905864197530864	0.0848765432098765	0.0	0.00925925925925926
17	0.334983498349835	0.113861386138614	0.448844884488449	0.102310231023102
18	0.99835255354201	0.0	0.00164744645799012	0.0
19	0.00162866449511401	0.00162866449511401	0.00814332247557003	0.988599348534202
20	0.0	0.0	1.0	0.0
21	0.0169971671388102	0.0311614730878187	0.797450424929179	0.154390934844193
22	0.168257756563246	0.606205250596659	0.0274463007159905	0.198090692124105
23	0.143801652892562	0.19504132231405	0.487603305785124	0.173553719008264
