Pos	A	C	G	T
1	0.248816412414519	0.26749079431878	0.174381904260915	0.309310889005786
2	0.697677370224648	0.0182764310191649	0.150907475567965	0.133138723188222
3	0.2676223040505	0.0967911625460284	0.359679116254603	0.275907417148869
4	0.0	0.0	0.99973701512163	0.000262984878369494
5	0.0329282634261074	0.000130667712008363	0.966941068861884	0.0
6	0.00026291573550677	0.00052583147101354	0.000394373603260155	0.99881687919022
7	0.985786934411266	0.0	0.0	0.0142130655887339
8	0.720345440690881	0.0146050292100584	0.218440436880874	0.0466090932181864
9	0.0808678500986193	0.309270216962525	0.0708744247205786	0.538987508218277
10	0.499349127831294	0.0253840145795366	0.0171830252538401	0.458083832335329
11	0.803808273145108	0.0207485226526592	0.00157583716349311	0.173867367038739
12	0.0	0.00105124835742444	0.00026281208935611	0.998685939553219
13	0.000262984878369494	0.0	0.0	0.99973701512163
14	0.0117355587429913	0.00665014995436172	0.0413352457947581	0.940279045507889
15	0.992897540444561	0.0	0.0	0.00710245955543864
16	0.994880546075085	0.00511945392491468	0.0	0.0
17	0.0	1.0	0.0	0.0
18	0.987774418298935	0.0	0.0122255817010648	0.0
19	0.0	0.0	0.0	1.0
20	1.0	0.0	0.0	0.0
21	0.99750688885973	0.0	0.0	0.00249311114027031
22	0.0535343035343035	0.36018711018711	0.0687370062370062	0.51754158004158
23	0.279195160441873	0.26814834297738	0.318385060494477	0.13427143608627
