Pos	A	C	G	T
1	0.155183515775918	0.266580811332904	0.203477141017386	0.374758531873793
2	0.156302521008403	0.0478991596638655	0.652521008403361	0.14327731092437
3	0.183555555555556	0.690222222222222	0.0488888888888889	0.0773333333333333
4	0.0903054448871182	0.68747233289066	0.122177954847278	0.100044267374945
5	0.977344241661422	0.0	0.0195091252359975	0.00314663310258024
6	0.010644959298685	0.972448340638698	0.000626174076393237	0.0162805259862242
7	0.00701083492670491	0.00191204588910134	0.989802421924793	0.00127469725940089
8	0.0	0.0638939119951778	0.0	0.936106088004822
9	0.137729549248748	0.137729549248748	0.648163606010017	0.0763772954924875
10	0.0424343941931882	0.089893914014517	0.395868230039084	0.47180346175321
11	0.342329545454545	0.393465909090909	0.113162878787879	0.151041666666667
12	0.291505791505791	0.362934362934363	0.218146718146718	0.127413127413127
