Pos	A	C	G	T
1	0.229410415232852	0.143381509520532	0.170681348933242	0.456526726313375
2	0.667976424361493	0.123575638506876	0.170137524557957	0.0383104125736739
3	0.144563426688633	0.000823723228995058	0.854200988467875	0.000411861614497529
4	0.999541494727189	0.0	0.000458505272810637	0.0
5	0.97146678555506	0.0280873829692376	0.000222915737851092	0.000222915737851092
6	0.887227962189492	0.0	0.112772037810508	0.0
7	0.999541494727189	0.0	0.000458505272810637	0.0
8	0.999083619702176	0.0	0.000916380297823597	0.0
9	0.963624039765025	0.0	0.00135562584726615	0.035020334387709
10	0.000686970460270208	0.000228990153423403	0.99862605907946	0.000457980306846806
11	0.992705721449738	0.00706633234556645	0.000227946204695692	0.0
12	0.00320439459830625	0.996795605401694	0.0	0.0
13	0.558128869525338	0.000458610410456317	0.0	0.441412520064205
14	0.455630288565849	0.000867867216315904	0.428509438055977	0.114992406161857
15	0.0149422685080371	0.000905592030790129	0.983699343445778	0.000452796015395065
16	0.99931239972496	0.000458400183360073	0.000229200091680037	0.0
17	0.979628791308284	0.00565866908103214	0.00724309642372114	0.00746944318696243
18	0.783191489361702	0.0419148936170213	0.106170212765957	0.0687234042553191
19	0.245412844036697	0.280733944954128	0.36743119266055	0.106422018348624
