Pos	A	C	G	T
1	0.235294117647059	0.211718928816663	0.177386129549096	0.375600823987182
2	0.605458089668616	0.242690058479532	0.114814814814815	0.037037037037037
3	0.113388853299167	0.0	0.886184070040572	0.000427076660260517
4	1.0	0.0	0.0	0.0
5	0.981344122274668	0.018431108114183	0.000224769611148573	0.0
6	0.892818632736683	0.0	0.107181367263317	0.0
7	0.999771219400595	0.00022878059940517	0.0	0.0
8	0.999771219400595	0.00022878059940517	0.0	0.0
9	0.958398920620643	0.00044974139869575	0.0	0.0411513379806611
10	0.000228675966155957	0.0	0.999313972101532	0.000457351932311914
11	0.986227139309099	0.0137728606909009	0.0	0.0
12	0.00318543799772469	0.993401592718999	0.00068259385665529	0.00273037542662116
13	0.499428832533699	0.000913867946081791	0.00137080191912269	0.498286497601097
14	0.397353819889031	0.00746905676483141	0.482074263764405	0.113102859581733
15	0.0161217075386013	0.0	0.983424159854678	0.000454132606721163
16	0.997944266788488	0.000456829602558246	0.000456829602558246	0.00114207400639561
17	0.978526220614828	0.00248643761301989	0.00836347197106691	0.010623869801085
18	0.75639713408393	0.0446264073694985	0.122824974411464	0.0761514841351075
19	0.237125200274662	0.238727397573816	0.414969100480659	0.109178301670863
