Pos	A	C	G	T
1	0.163959783449343	0.204949729311678	0.450116009280742	0.180974477958237
2	0.322695035460993	0.166666666666667	0.442080378250591	0.0685579196217494
3	0.0262984878369494	0.100591715976331	0.0230111768573307	0.850098619329389
4	0.0336182336182336	0.129344729344729	0.736752136752137	0.1002849002849
5	0.894809688581315	0.0249134948096886	0.069204152249135	0.0110726643598616
6	0.0	0.938997821350762	0.00217864923747277	0.0588235294117647
7	0.0320417287630402	0.00447093889716841	0.963487332339791	0.0
8	0.0270457697642164	0.0575589459084605	0.0187239944521498	0.896671289875173
9	0.139384116693679	0.698541329011345	0.143165856293895	0.0189086980010805
10	0.874239350912779	0.0324543610547667	0.0933062880324544	0.0
11	0.0471698113207547	0.49685534591195	0.138993710691824	0.316981132075472
12	0.208816705336427	0.440835266821346	0.173240525908739	0.177107501933488
