Pos	A	C	G	T
1	0.107636363636364	0.258181818181818	0.155636363636364	0.478545454545455
2	0.123468887800098	0.0803527682508574	0.673689367956884	0.122488975992161
3	0.116883116883117	0.272410516312955	0.175166297117517	0.435540069686411
4	0.519652305366591	0.317460317460317	0.114890400604686	0.0479969765684051
5	0.0711662075298439	0.631313131313131	0.0890725436179982	0.208448117539027
6	0.857231920199501	0.013715710723192	0.0960099750623441	0.0330423940149626
7	0.0	0.992063492063492	0.00216450216450216	0.00577200577200577
8	0.00718390804597701	0.0	0.987787356321839	0.00502873563218391
9	0.0	0.00431344356578001	0.00718907260963336	0.988497483824587
10	0.00840336134453781	0.00420168067226891	0.962885154061625	0.0245098039215686
11	0.00603621730382294	0.0167672702883971	0.922199865861838	0.0549966465459423
12	0.0111188325225851	0.955524669909659	0.0132036136205698	0.0201528839471855
13	0.674019607843137	0.057843137254902	0.211274509803922	0.0568627450980392
14	0.209302325581395	0.289244186046512	0.223110465116279	0.278343023255814
