Pos	A	C	G	T
1	0.0749559082892416	0.298941798941799	0.0326278659611993	0.59347442680776
2	0.0203784570596798	0.0	0.97962154294032	0.0
3	0.0883905013192612	0.887862796833773	0.0158311345646438	0.0079155672823219
4	0.016839378238342	0.871761658031088	0.0673575129533679	0.0440414507772021
5	0.961428571428571	0.0	0.0385714285714286	0.0
6	0.00661375661375661	0.89021164021164	0.0185185185185185	0.0846560846560847
7	0.100381194409149	0.0432020330368488	0.855146124523507	0.00127064803049555
8	0.0	0.0203784570596798	0.0	0.97962154294032
9	0.0304955527318933	0.0800508259212198	0.855146124523507	0.0343074968233799
10	0.0	0.0144927536231884	0.8866930171278	0.0988142292490119
11	0.00146412884333821	0.985358711566618	0.0	0.0131771595900439
12	0.613491340018232	0.0382862351868733	0.28714676390155	0.0610756608933455
