Pos	A	C	G	T
1	0.0982352941176471	0.233137254901961	0.557843137254902	0.11078431372549
2	0.411582885960631	0.131608914917846	0.418090125264357	0.0387180738571661
3	0.0	0.13175731525872	0.0251281203504712	0.843114564390808
4	0.0347284060552093	0.0167408726625111	0.908281389136242	0.0402493321460374
5	0.936295208371581	0.016522856618322	0.0372682210391041	0.00991371397099321
6	0.0033195020746888	0.449626556016598	0.150207468879668	0.396846473029046
7	0.00385282219225583	0.00250433442496629	0.982469659025236	0.0111731843575419
8	0.0679331306990881	0.152279635258359	0.0047112462006079	0.775075987841945
9	0.0800897004645203	0.0398846708313311	0.816914944738107	0.063110683966042
10	0.0284833091436865	0.0462626995645864	0.556240928882438	0.369013062409289
11	0.162545860583825	0.650981017706173	0.0634869995214548	0.122986122188547
12	0.278039215686274	0.208235294117647	0.411176470588235	0.102549019607843
