Pos	A	C	G	T
1	0.187723480333731	0.211799761620977	0.304648390941597	0.295828367103695
2	0.435652269480163	0.0460490163754259	0.486317177711836	0.031981536432575
3	0.0090189582182956	0.772041229523284	0.163445610160133	0.0554942020982882
4	0.000119175306876415	0.0	0.999761649386247	0.000119175306876415
5	0.0	0.999761649386247	0.00023835061375283	0.0
6	0.000714285714285714	0.0	0.998690476190476	0.000595238095238095
7	0.00107015457788347	0.000237812128418549	0.997502972651605	0.00118906064209275
8	0.00321850041721302	0.397067588508761	0.000953629753248301	0.598760281320777
9	0.139945166289188	0.378710215758732	0.00524496364286566	0.476099654309214
10	0.000713945740123751	0.998215135649691	0.0	0.00107091861018563
11	0.994075127384761	0.00592487261523877	0.0	0.0
12	0.0	0.0	1.0	0.0
13	0.00536630891273915	0.978651423238451	0.000349976668222119	0.015632291180588
14	0.120767763471626	0.198736289938007	0.0424415832141154	0.638054363376252
