Pos	A	C	G	T
1	0.33875	0.145625	0.393125	0.1225
2	0.156052298608182	0.0885702235343737	0.0801349641501476	0.675242513707296
3	0.00613120784794605	0.981606376456162	0.0	0.0122624156958921
4	0.223512336719884	0.0	0.774552491533624	0.0019351717464925
5	0.00311332503113325	0.996886674968867	0.0	0.0
6	0.0291085506367495	0.0	0.97089144936325	0.0
7	0.657089319175515	0.126795752654591	0.0537164272329794	0.162398500936914
8	0.00336889387984278	0.00449185850645705	0.898933183604716	0.0932060640089837
9	0.00247371675943105	0.990105132962276	0.00556586270871985	0.00185528756957328
10	0.321033210332103	0.663591635916359	0.00676506765067651	0.00861008610086101
11	0.878704720087816	0.0450054884742042	0.0159165751920966	0.0603732162458836
12	0.314031180400891	0.0712694877505568	0.57739420935412	0.0373051224944321
13	0.000623441396508728	0.998129675810474	0.0	0.00124688279301746
14	0.716972682489924	0.165696372592924	0.0264218540080609	0.0909090909090909
15	0.14366021236727	0.126795752654591	0.414116177389132	0.315427857589007
