Pos	A	C	G	T
1	0.277315914489311	0.0748218527315914	0.127672209026128	0.520190023752969
2	0.433371958285052	0.00811123986095017	0.54287369640788	0.0156431054461182
3	0.120041753653445	0.0	0.878914405010438	0.00104384133611691
4	0.00117439812096301	0.988843217850851	0.00293599530240752	0.00704638872577804
5	0.00176678445229682	0.00353356890459364	0.991755005889282	0.00294464075382803
6	0.00176678445229682	0.991755005889282	0.0	0.00647820965842167
7	0.10010649627263	0.896698615548456	0.0	0.00319488817891374
8	0.456379821958457	0.0462908011869436	0.0445103857566766	0.452818991097923
9	0.0	0.00478978179882916	0.896221394358701	0.0989888238424694
10	0.00705467372134039	0.000587889476778366	0.990005878894768	0.00235155790711346
11	0.00411039342337052	0.988843217850851	0.00352319436288902	0.00352319436288902
12	0.00295159386068477	0.00295159386068477	0.99409681227863	0.0
13	0.0	0.904889844169801	0.00967221923696937	0.0854379365932294
14	0.0157802454704851	0.495032144944477	0.0	0.489187609585038
15	0.54367201426025	0.109328579916815	0.0641711229946524	0.282828282828283
