Pos	A	C	G	T
1	0.0404624277456647	0.341040462427746	0.0115606936416185	0.606936416184971
2	0.0815217391304348	0.0108695652173913	0.891304347826087	0.016304347826087
3	1.0	0.0	0.0	0.0
4	0.00606060606060606	0.0	0.993939393939394	0.0
5	0.0	0.0110497237569061	0.906077348066298	0.0828729281767956
6	0.0289017341040462	0.947976878612717	0.0	0.023121387283237
7	0.867724867724868	0.0264550264550265	0.105820105820106	0.0
8	0.0609756097560976	0.518292682926829	0.23780487804878	0.182926829268293
9	0.306748466257669	0.0920245398773006	0.49079754601227	0.110429447852761
10	0.128048780487805	0.317073170731707	0.335365853658537	0.219512195121951
11	0.25609756097561	0.0975609756097561	0.23780487804878	0.408536585365854
12	0.457317073170732	0.25	0.176829268292683	0.115853658536585
13	0.365853658536585	0.396341463414634	0.0182926829268293	0.219512195121951
14	0.182926829268293	0.115853658536585	0.646341463414634	0.0548780487804878
15	0.0974358974358974	0.0615384615384615	0.143589743589744	0.697435897435897
16	0.0941704035874439	0.121076233183857	0.73542600896861	0.0493273542600897
17	0.0	0.95906432748538	0.0409356725146199	0.0
18	0.719298245614035	0.0745614035087719	0.171052631578947	0.0350877192982456
19	0.0418410041841004	0.0711297071129707	0.200836820083682	0.686192468619247
20	0.0954773869346734	0.50251256281407	0.085427135678392	0.316582914572864
