Pos	A	C	G	T
1	0.100490380988306	0.274990569596379	0.0334213504337986	0.591097698981516
2	0.155661274976213	0.0921027592768792	0.745480494766889	0.00675547098001903
3	0.0	0.779136833731106	0.195107398568019	0.0257557677008751
4	0.0	1.0	0.0	0.0
5	0.0	0.753872798999326	0.0	0.246127201000674
6	0.0186343331206126	0.317421825143586	0.0894703254626675	0.574473516273133
7	0.250925335035099	0.297383535417996	0.316145500957243	0.135545628589662
8	0.613018506700702	0.0182514358647096	0.358008934269304	0.010721123165284
9	0.0341901365145739	0.000368958307711229	0.963596113639159	0.00184479153855614
10	0.0	0.0160743438402612	0.983925656159739	0.0
11	0.030985679591324	0.65614270161628	0.26153588476677	0.051335734025626
12	0.315722307299643	0.160796324655436	0.289433384379786	0.234047983665135
