Pos	A	C	G	T
1	0.0584415584415584	0.191558441558442	0.438311688311688	0.311688311688312
2	0.941896024464832	0.0	0.0581039755351682	0.0
3	0.00923076923076923	0.0184615384615385	0.0246153846153846	0.947692307692308
4	0.0	0.0552147239263804	0.94478527607362	0.0
5	0.751219512195122	0.151219512195122	0.0048780487804878	0.0926829268292683
6	0.0	0.404494382022472	0.457865168539326	0.137640449438202
7	0.139759036144578	0.0	0.118072289156627	0.742168674698795
8	0.0775623268698061	0.853185595567867	0.0692520775623269	0.0
9	1.0	0.0	0.0	0.0
10	0.0128617363344051	0.482315112540193	0.0	0.504823151125402
11	0.275974025974026	0.493506493506494	0.13961038961039	0.0909090909090909
