Pos	A	C	G	T
1	0.048215113583681	0.337042188224386	0.057487250811312	0.557255447380621
2	0.029324055666004	0.00596421471172962	0.958747514910537	0.00596421471172962
3	0.0994152046783626	0.293936595875654	0.012927054478301	0.593721144967682
4	0.728474320241692	0.132552870090634	0.10536253776435	0.0336102719033233
5	0.00401929260450161	0.77532154340836	0.0667202572347267	0.153938906752412
6	0.35612395474668	0.0	0.59272011805214	0.0511559272011805
7	0.0	0.593525179856115	0.00873586844809866	0.397738951695786
8	0.00103573278094252	0.0	0.998964267219058	0.0
9	0.0	0.0015527950310559	0.0	0.998447204968944
10	0.00515463917525773	0.0	0.994329896907217	0.000515463917525773
11	0.0	0.00307534597642235	0.988723731419785	0.00820092260379293
12	0.00258131130614352	0.99586990191017	0.000516262261228704	0.00103252452245741
13	0.61335453100159	0.00540540540540541	0.362798092209857	0.0184419713831479
