Pos	A	C	G	T
1	0.296261682242991	0.150700934579439	0.216121495327103	0.336915887850467
2	0.0522554711924966	0.27467619472979	0.021661456007146	0.651406878070567
3	0.0235527184679727	0.0319172353070658	0.933083865287255	0.0114461809377064
4	0.0847141673570837	0.850248550124275	0.0209196354598177	0.0441176470588235
5	0.049469964664311	0.12603062426384	0.0284648606203377	0.796034550451512
6	0.0598968663228877	0.028163427211424	0.811781039270131	0.100158667195557
7	0.858429319371728	0.063455497382199	0.00607329842931937	0.0720418848167539
8	0.0567648314127187	0.421468203158344	0.4449423815621	0.0768245838668374
9	0.0745677983753385	0.0131222661945428	0.0520724848989794	0.860237450531139
10	0.109712230215827	0.814548361310951	0.0327737809752198	0.0429656274980016
11	0.79510461902882	0.0232925384919068	0.122976707461508	0.0586261350177655
12	0.0576565406075635	0.018598884066956	0.851002273196942	0.072742302128539
13	0.0109122653862942	0.923177651680489	0.0355739851593191	0.0303360977738979
14	0.650220264317181	0.023568281938326	0.267400881057269	0.0588105726872247
15	0.348831775700935	0.204906542056075	0.160514018691589	0.285747663551402
