Pos	A	C	G	T
1	0.360481927710843	0.173012048192771	0.193734939759036	0.272771084337349
2	0.606131386861314	0.0548905109489051	0.181897810218978	0.157080291970803
3	0.0	0.419556840077071	0.580443159922929	0.0
4	0.00278940027894003	0.96513249651325	0.00232450023245002	0.0297536029753603
5	0.066427289048474	0.0	0.931777378815081	0.00179533213644524
6	0.00404312668463612	0.0606469002695418	0.00269541778975741	0.932614555256065
7	0.134956665290962	0.00247626908790755	0.856789104416013	0.00577796120511762
8	0.951856946354883	0.0	0.020174232003668	0.0279688216414489
9	0.0109575988565984	0.989042401143402	0.0	0.0
10	0.0333424682561432	0.126244633232849	0.189640997533571	0.650771900977437
11	0.76043956043956	0.0633699633699634	0.113919413919414	0.0622710622710623
12	0.823156225218081	0.0531324345757335	0.0713719270420301	0.0523394131641554
13	0.116427432216906	0.13237639553429	0.0889952153110048	0.662200956937799
14	0.0173493975903614	0.470843373493976	0.147469879518072	0.36433734939759
15	0.269267822736031	0.104527938342967	0.560693641618497	0.0655105973025048
