Pos	A	C	G	T
1	0.25045713390105	0.239642651899065	0.275325218118176	0.234574996081709
2	0.242966322331402	0.107247837406568	0.113910584810056	0.535875255451975
3	0.902796774041409	0.0235815686459463	0.0698014431920011	0.00382021412064331
4	0.99937349900804	0.0	0.000626500991959904	0.0
5	0.00301864745119042	0.0635376600613467	0.00146063586347923	0.931983056623984
6	0.0	0.399592809613666	0.0494587347303605	0.550948455655974
7	0.0477746582593087	0.0712017305656556	0.881023611175036	0.0
8	0.925449622896925	0.003094179075614	0.0672983948946045	0.00415780313285631
9	0.0	0.0	0.0	1.0
10	0.00815823175069962	0.0646018118863539	0.0193046530379927	0.907935303324954
11	0.472536967093732	0.146560023698437	0.138314942358488	0.242588066849342
12	0.229037145394702	0.266704978841231	0.248210647301604	0.256047228462463
