Pos	A	C	G	T
1	0.102694828841952	0.679388201019665	0.106190823015295	0.111726147123088
2	0.0482110369921164	0.112492419648272	0.0275924802910855	0.811704063068526
3	0.352327314891502	0.587543481861852	0.0221964551929766	0.037932748053669
4	0.777052663530126	0.0194263165882532	0.193504325390803	0.010016694490818
5	0.000834028356964137	0.0315262718932444	0.00533778148457048	0.962301918265221
6	0.0105610561056106	0.0727722772277228	0.0	0.916666666666667
7	0.918512396694215	0.0	0.0254545454545455	0.0560330578512397
8	0.915937803692906	0.0093942338840298	0.0500485908649174	0.0246193715581471
9	0.104169780301898	0.0585861605141235	0.0451352563144522	0.792108802869526
10	0.063243581715717	0.0331872260488416	0.0277082028804008	0.875860989355041
11	0.872323921811976	0.0300961836798014	0.0634502016754576	0.0341296928327645
12	0.0727366966136835	0.0668624740843124	0.0825846579129233	0.777816171389081
