Pos	A	C	G	T
1	0.323421316404945	0.172402271967925	0.196124290010023	0.308052121617107
2	0.0670443814919736	0.162417374881964	0.016052880075543	0.754485363550519
3	0.0260501465320742	0.0146532074242918	0.956691631390427	0.00260501465320742
4	0.104808522890872	0.816873020443421	0.0152605816297149	0.0630578750359919
5	0.120043751709051	0.066447908121411	0.0317199890620727	0.781788351107465
6	0.0805711371749108	0.0471698113207547	0.698368179500255	0.17389087200408
7	0.75270607826811	0.0951984457396614	0.032195392728282	0.119900083263947
8	0.112532712997965	0.37132887467287	0.416109334108753	0.100029078220413
9	0.141557398983142	0.0238158951030238	0.108108108108108	0.726518597805726
10	0.158511192087454	0.722540343571057	0.0406038521603332	0.0783446121811557
11	0.789130434782609	0.0279891304347826	0.0853260869565217	0.097554347826087
12	0.0632133450395083	0.0149253731343284	0.825577992390986	0.0962832894351771
13	0.01531589023612	0.945756222080408	0.0178685386088066	0.021059349074665
14	0.736002502345949	0.0225211135439475	0.175789802940256	0.0656865811698467
15	0.326428332776478	0.192114934847979	0.162378884062813	0.31907784831273
