Pos	A	C	G	T
1	0.0396246089676747	0.869829683698297	0.0646506777893639	0.0258950295446646
2	0.0500608642726719	0.34327449786975	0.0403225806451613	0.566342057212416
3	0.677672382342211	0.251915359357899	0.0341116380882889	0.0363006202116016
4	0.674273858921162	0.0554238292827504	0.270302311796088	0.0
5	0.00250878073256397	0.134805151363104	0.00217427663488878	0.860511791269443
6	0.0	0.00944465432565168	0.0	0.990555345674348
7	0.984548709251931	0.0	0.0154512907480686	0.0
8	0.836648190414085	0.0109227257906749	0.150309748940333	0.00211933485490708
9	0.0	0.18165989553105	0.0948926291352293	0.72344747533372
10	0.0530656707127295	0.0943043884220355	0.0712729536258948	0.78135698723934
11	0.717156340386665	0.0642411325924798	0.192266707261379	0.0263358197594763
12	0.180895865237366	0.245405819295559	0.367725880551302	0.205972434915773
