Pos	A	C	G	T
1	0.343945972021225	0.194886637723107	0.220453449107574	0.240713941148095
2	0.567945205479452	0.0717808219178082	0.198630136986301	0.161643835616438
3	0.00526819923371648	0.512452107279693	0.480842911877395	0.0014367816091954
4	0.00359066427289048	0.930430879712747	0.00179533213644524	0.0641831238779174
5	0.129313929313929	0.00291060291060291	0.861954261954262	0.00582120582120582
6	0.0110317975340688	0.307916937053861	0.00843608046722907	0.672615184944841
7	0.211531531531532	0.00900900900900901	0.747027027027027	0.0324324324324324
8	0.886276186404446	0.0153911928174434	0.0239418554938008	0.0743907652843095
9	0.0211565585331453	0.974612129760226	0.00188058298072402	0.00235072872590503
10	0.0854234823700473	0.160668847691748	0.143947655398037	0.609960014540167
11	0.91523178807947	0.0163355408388521	0.0534216335540839	0.0150110375275938
12	0.954419889502762	0.0147329650092081	0.0156537753222836	0.0151933701657459
13	0.0654515327257664	0.043910521955261	0.031897265948633	0.85874067937034
14	0.0382854764877237	0.388680815647108	0.0990428630878069	0.473990844777362
15	0.283880171184023	0.126961483594864	0.455777460770328	0.133380884450785
16	0.290742526518804	0.255062680810029	0.279652844744455	0.174541947926712
