Pos	A	C	G	T
1	0.282963446475196	0.183257180156658	0.225522193211488	0.308257180156658
2	0.0501610676484123	0.251572327044025	0.00966405890473999	0.688602546402822
3	0.000649034561090378	0.00373194872626967	0.994320947590459	0.00129806912218076
4	0.0750074560095437	0.913808529674918	0.000745600954369222	0.0104384133611691
5	0.0	0.0645210494203783	0.000762660158633313	0.934716290420988
6	0.00393762797290912	0.0053551740431564	0.965191368719483	0.0255158292644511
7	1.0	0.0	0.0	0.0
8	0.0339487052409862	0.759261553710816	0.0709949200842523	0.135794820963945
9	0.309725848563969	0.0793080939947781	0.277741514360313	0.33322454308094
10	0.239392950391645	0.43668407310705	0.12402088772846	0.199902088772846
11	0.327133300701583	0.0566160874530919	0.253059226627509	0.363191385217817
12	0.10044671346522	0.0154435226547543	0.782131461391193	0.101978302488832
13	0.00592454006859994	0.955410040536327	0.0118490801371999	0.0268163392578734
14	0.586094674556213	0.0162721893491124	0.320414201183432	0.0772189349112426
