Pos	A	C	G	T
1	0.619582468563057	0.0861921621291662	0.152728604565987	0.14149676474179
2	0.703523035230352	0.0240650406504065	0.0879132791327913	0.18449864498645
3	0.663132817153067	0.0076235854675402	0.0165574746873139	0.312686122692079
4	0.526807057484348	0.0425725668753557	0.0249288560045532	0.405691519635743
5	0.31396484375	0.1700439453125	0.2166748046875	0.29931640625
6	0.0108705665591893	0.230032243205896	0.00442192538000921	0.754675264854906
7	0.000853762653982193	0.0	0.999146237346018	0.0
8	0.0257475083056478	0.971998101566208	0.00225439012814428	0.0
9	0.00140894681225784	0.0367500293530586	0.0	0.961841023834684
10	0.00670351640597436	0.000588027754910032	0.963424673644596	0.0292837821945196
11	0.997686030934113	0.0020703933747412	0.000243575691146024	0.0
12	0.0172817281728173	0.737353735373537	0.108910891089109	0.136453645364536
13	0.260498046875	0.058837890625	0.1937255859375	0.4869384765625
