Pos	A	C	G	T
1	0.237526352775826	0.212227687983134	0.281799016163036	0.268446943078004
2	0.00609446419502285	0.26663280853225	0.00457084814626714	0.72270187912646
3	0.0716448032290616	0.185166498486377	0.717961654894046	0.0252270433905146
4	0.712212212212212	0.16966966966967	0.04004004004004	0.0780780780780781
5	0.124542124542125	0.868742368742369	0.00244200244200244	0.00427350427350427
6	0.052937378954164	0.918657198192382	0.0180761781794706	0.0103292446739832
7	0.0410353535353535	0.381313131313131	0.0606060606060606	0.517045454545455
8	0.139142656359803	0.42586085734364	0.0864371047083626	0.348559381588194
9	0.234012649332396	0.18060435699227	0.215741391426564	0.36964160224877
10	0.0172827652424388	0.293807009121459	0.0057609217474796	0.683149303888622
11	0.069077172153265	0.142471667566109	0.767943874797625	0.0205072854830005
12	0.67697431018078	0.227402473834443	0.0390104662226451	0.0566127497621313
13	0.124078624078624	0.874078624078624	0.0	0.00184275184275184
14	0.0680824484697064	0.888819487820112	0.0224859462835728	0.0206121174266084
15	0.040272614622057	0.342627013630731	0.0786864931846344	0.538413878562577
16	0.185523541813071	0.396345748418833	0.114546732255798	0.303583977512298
