Pos	A	C	G	T
1	0.338171262699565	0.0543230354551109	0.179763632593821	0.427742069251503
2	0.133277870216306	0.037603993344426	0.0267886855241265	0.802329450915141
3	0.948092803775069	0.0133700353912702	0.011010617381046	0.027526543452615
4	0.00123431392717548	0.00678872659946513	0.0	0.991976959473359
5	0.0101440454453236	0.00162304727125178	0.978291742747007	0.00994116453641712
6	0.000621246634914061	0.998550424518534	0.0	0.000828328846552081
7	0.000827985924239288	0.000620989443179466	0.998137031670462	0.000413992962119644
8	0.00892313932265261	0.977894950314338	0.00223078483066315	0.0109511255323464
9	0.986094069529652	0.00224948875255624	0.0112474437627812	0.000408997955010225
10	0.0294806716126513	0.011518937914877	0.0175712612260836	0.941429129246388
11	0.78765109441359	0.0325057170859196	0.0468801045409997	0.13296308395949
12	0.432393197843219	0.185192866030693	0.0541269182911655	0.328287017834923
