Pos	A	C	G	T
1	0.463863958431743	0.0873878129428436	0.290033065658951	0.158715162966462
2	0.0995884773662551	0.332098765432099	0.0292181069958848	0.539094650205761
3	0.00140712945590994	0.00140712945590994	0.99296435272045	0.00422138836772983
4	0.00278680910357641	0.00557361820715281	0.983279145378542	0.00836042731072922
5	0.948901837740923	0.0080681308830121	0.0345136709995518	0.00851636037651277
6	0.966225467822912	0.00502053856686445	0.0205385668644455	0.00821542674577818
7	0.686668829062601	0.132014271813169	0.0541680181641259	0.127148880960104
8	0.333175803402647	0.278355387523629	0.20179584120983	0.186672967863894
9	0.347969782813975	0.174220963172805	0.134560906515581	0.343248347497639
10	0.247047709022201	0.212564950401512	0.238545111006141	0.301842229570146
11	0.242209631728045	0.231822474032106	0.266761095372993	0.259206798866856
12	0.282475200755786	0.22579121398205	0.243268776570619	0.248464808691545
13	0.34593572778828	0.146030245746692	0.145557655954631	0.362476370510397
14	0.205103969754253	0.188090737240076	0.284026465028355	0.322778827977316
15	0.122701437646272	0.0434637245068539	0.126044801069876	0.707790036776998
16	0.00734281780633318	0.015603487838458	0.00550711335474988	0.971546581000459
17	0.00400712377560107	0.041406945681211	0.0120213713268032	0.942564559216385
18	0.0027972027972028	0.986946386946387	0.00606060606060606	0.0041958041958042
19	0.00141442715700141	0.998114097123998	0.000471475719000471	0.0
20	0.517739273927393	0.0321782178217822	0.355610561056106	0.0944719471947195
21	0.14407179971658	0.299480396787907	0.0869154463863958	0.469532357109117
