Pos	A	C	G	T
1	0.382154283682901	0.11464628510487	0.429257020974049	0.0739424102381799
2	0.591676823959603	0.0094027511753439	0.387950548493819	0.0109698763712345
3	0.00209716882209018	0.00297098916462775	0.983222649423279	0.0117091925900035
4	0.00260914941728996	0.00191337623934597	0.0168724995651418	0.978604974778222
5	0.0855862165569408	0.788065555399916	0.0449642807115843	0.081383947331559
6	0.00435161009573542	0.979286335944299	0.00121845082680592	0.0151436031331593
7	0.946659936059229	0.000673060743732122	0.0519939424533064	0.000673060743732122
8	0.991715141900229	0.00123391503613608	0.00352547153181738	0.00352547153181738
9	0.977754605491832	0.00347584289190129	0.0126868265554397	0.00608272506082725
10	0.0	0.00106326422115896	0.99698741804005	0.00194931773879142
11	0.000530222693531283	0.00106044538706257	0.0040650406504065	0.994344291269
12	0.0216063879755754	0.880851730076718	0.0231720682636606	0.0743698136840457
13	0.0	0.988925997539111	0.000527333450518545	0.0105466690103709
14	0.772560656310002	0.00523651597137371	0.209460638854949	0.012742188863676
15	0.294347671525062	0.378954852470672	0.0952719516530395	0.231425524351226
