Pos	A	C	G	T
1	0.0299625468164794	0.0	0.0936329588014981	0.876404494382023
2	0.358778625954198	0.541984732824427	0.0458015267175573	0.0534351145038168
3	0.936	0.044	0.02	0.0
4	0.0235294117647059	0.0431372549019608	0.0156862745098039	0.917647058823529
5	0.0	0.0886524822695035	0.0815602836879433	0.829787234042553
6	0.661016949152542	0.0367231638418079	0.155367231638418	0.146892655367232
7	0.200854700854701	0.452991452991453	0.175213675213675	0.170940170940171
8	0.354700854700855	0.269230769230769	0.247863247863248	0.128205128205128
9	0.167381974248927	0.32618025751073	0.261802575107296	0.244635193133047
10	0.230769230769231	0.632478632478632	0.0811965811965812	0.0555555555555556
11	0.175757575757576	0.0212121212121212	0.0939393939393939	0.709090909090909
12	0.239482200647249	0.686084142394822	0.0	0.0744336569579288
13	0.9	0.0115384615384615	0.0884615384615385	0.0
14	0.06640625	0.0078125	0.01171875	0.9140625
15	0.125	0.142045454545455	0.0681818181818182	0.664772727272727
16	0.8125	0.03125	0.09375	0.0625
