Pos	A	C	G	T
1	0.29390243902439	0.0760162601626016	0.299593495934959	0.330487804878049
2	0.17416406062064	0.150348809237431	0.0837142169834015	0.591772913158528
3	0.943975441289332	0.0107444359171144	0.0387567152724482	0.00652340752110514
4	0.00954198473282443	0.033206106870229	0.0183206106870229	0.938931297709924
5	0.00901960784313726	0.00235294117647059	0.964705882352941	0.023921568627451
6	0.00155823918971562	0.958317101675107	0.0	0.0401246591351773
7	0.0376552795031056	0.00077639751552795	0.954968944099379	0.00659937888198758
8	0.0243713733075435	0.951644100580271	0.0	0.0239845261121857
9	0.955339805825243	0.0058252427184466	0.0341747572815534	0.00466019417475728
10	0.0180859080633007	0.0550113036925396	0.0	0.92690278824416
11	0.609514370664024	0.0894449950445986	0.140237859266601	0.160802775024777
12	0.368292682926829	0.248373983739837	0.0886178861788618	0.294715447154472
