Pos	A	C	G	T
1	0.150493421052632	0.355263157894737	0.268092105263158	0.226151315789474
2	0.208462332301342	0.158926728586171	0.214654282765738	0.417956656346749
3	0.345844504021448	0.305630026809651	0.238069705093834	0.110455764075067
4	0.687995469988675	0.117214043035108	0.113816534541336	0.0809739524348811
5	0.195674044265594	0.0975855130784708	0.0955734406438632	0.611167002012072
6	0.0428396572827417	0.152386780905753	0.0611995104039168	0.743574051407589
7	0.92255125284738	0.00151860288534548	0.0516324981017464	0.0242976461655277
8	0.0792079207920792	0.22007200720072	0.153915391539154	0.546804680468047
9	0.053206002728513	0.0416098226466576	0.828785811732606	0.0763983628922237
10	0.00632111251580278	0.768015170670038	0.034134007585335	0.191529709228824
11	0.50477773161612	0.135853759867054	0.20315745741587	0.156211051100956
12	0.223868312757202	0.232921810699588	0.214814814814815	0.328395061728395
