Pos	A	C	G	T
1	0.0625	0.0	0.14375	0.79375
2	0.661458333333333	0.213541666666667	0.0885416666666667	0.0364583333333333
3	0.814102564102564	0.0384615384615385	0.0576923076923077	0.0897435897435897
4	0.0838709677419355	0.0451612903225806	0.0516129032258065	0.819354838709677
5	0.103448275862069	0.0	0.270935960591133	0.625615763546798
6	0.746153846153846	0.0	0.0692307692307692	0.184615384615385
7	0.25	0.15625	0.328125	0.265625
8	0.181102362204724	0.275590551181102	0.259842519685039	0.283464566929134
9	0.283464566929134	0.244094488188976	0.204724409448819	0.267716535433071
10	0.133858267716535	0.15748031496063	0.299212598425197	0.409448818897638
11	0.2109375	0.28125	0.3671875	0.140625
12	0.2265625	0.421875	0.171875	0.1796875
13	0.125984251968504	0.118110236220472	0.133858267716535	0.622047244094488
14	0.616504854368932	0.305825242718447	0.0436893203883495	0.0339805825242718
15	0.875862068965517	0.0551724137931034	0.0	0.0689655172413793
16	0.0709219858156028	0.0283687943262411	0.0	0.900709219858156
17	0.0	0.150602409638554	0.0843373493975904	0.765060240963855
18	0.962121212121212	0.00757575757575758	0.0303030303030303	0.0
