Pos	A	C	G	T
1	0.134502923976608	0.210526315789474	0.327485380116959	0.327485380116959
2	0.246803069053708	0.436061381074169	0.217391304347826	0.0997442455242967
3	0.703092783505155	0.0412371134020619	0.220618556701031	0.0350515463917526
4	0.0125	0.0	0.135	0.8525
5	0.0810185185185185	0.0648148148148148	0.0648148148148148	0.789351851851852
6	0.710416666666667	0.0	0.0645833333333333	0.225
7	0.164222873900293	0.161290322580645	0.258064516129032	0.416422287390029
8	0.0645161290322581	0.43108504398827	0.486803519061584	0.0175953079178886
9	0.329411764705882	0.344117647058824	0.273529411764706	0.0529411764705882
10	0.270161290322581	0.0221774193548387	0.0201612903225806	0.6875
11	0.719409282700422	0.0274261603375527	0.20253164556962	0.0506329113924051
12	0.766292134831461	0.121348314606742	0.0561797752808989	0.0561797752808989
13	0.0	0.214971209213052	0.130518234165067	0.654510556621881
14	0.0985545335085414	0.250985545335085	0.448094612352168	0.202365308804205
15	0.422287390029326	0.30791788856305	0.0997067448680352	0.170087976539589
