Pos	A	C	G	T
1	0.288	0.212	0.371	0.13
2	0.498	0.124	0.348	0.029
3	0.02	0.011	0.924	0.046
4	0.051	0.007	0.804	0.139
5	0.046	0.134	0.128	0.691
6	0.007	0.824	0.031	0.138
7	0.592	0.038	0.343	0.027
8	0.248	0.06	0.087	0.604
9	0.002	0.069	0.005	0.924
10	0.07	0.082	0.836	0.012
11	0.926	0.054	0.017	0.003
12	0.157	0.83	0.002	0.011
13	0.04	0.937	0.004	0.02
14	0.005	0.535	0.023	0.437
15	0.104	0.473	0.18	0.244
16	0.0	0.0	0.0	0.0
17	0.295	0.182	0.168	0.355
18	0.775	0.009	0.074	0.141
19	0.889	0.011	0.019	0.081
20	0.949	0.012	0.028	0.011
21	0.024	0.005	0.709	0.263
22	0.049	0.007	0.87	0.074
23	0.016	0.058	0.107	0.818
24	0.027	0.667	0.068	0.239
25	0.831	0.011	0.127	0.032
