Pos	A	C	G	T
1	0.001	0.026	0.001	0.973
2	0.039	0.006	0.954	0.002
3	0.97	0.025	0.003	0.003
4	0.199	0.8	0.001	0.001
5	0.002	0.997	0.001	0.001
6	0.001	0.216	0.014	0.769
7	0.127	0.303	0.086	0.485
8	0.0	0.0	0.0	0.0
9	0.04	0.206	0.053	0.702
10	0.135	0.097	0.696	0.073
11	0.601	0.226	0.112	0.06
12	0.169	0.815	0.005	0.012
13	0.043	0.927	0.004	0.026
14	0.025	0.39	0.09	0.495
15	0.121	0.397	0.133	0.348
16	0.227	0.231	0.199	0.344
17	0.305	0.272	0.212	0.211
18	0.215	0.32	0.249	0.215
19	0.334	0.154	0.239	0.272
20	0.01	0.111	0.005	0.874
21	0.093	0.058	0.831	0.018
22	0.909	0.071	0.015	0.005
23	0.158	0.828	0.003	0.011
24	0.03	0.954	0.003	0.013
25	0.006	0.46	0.038	0.496
26	0.129	0.413	0.113	0.345
27	0.0	0.0	0.0	0.0
28	0.04	0.206	0.053	0.702
29	0.135	0.097	0.696	0.073
30	0.601	0.226	0.112	0.06
31	0.169	0.815	0.005	0.012
32	0.043	0.927	0.004	0.026
33	0.025	0.39	0.09	0.495
34	0.121	0.397	0.133	0.348
35	0.227	0.231	0.199	0.344
36	0.305	0.272	0.212	0.211
37	0.215	0.32	0.249	0.215
38	0.334	0.154	0.239	0.272
39	0.01	0.111	0.005	0.874
40	0.093	0.058	0.831	0.018
41	0.909	0.071	0.015	0.005
42	0.158	0.828	0.003	0.011
43	0.03	0.954	0.003	0.013
44	0.006	0.46	0.038	0.496
45	0.129	0.413	0.113	0.345
