Pos	A	C	G	T
1	0.0341880341880342	0.358974358974359	0.0170940170940171	0.58974358974359
2	0.78	0.113333333333333	0.0466666666666667	0.06
3	0.906976744186046	0.0155038759689922	0.0232558139534884	0.0542635658914729
4	0.00763358778625954	0.0229007633587786	0.0763358778625954	0.893129770992366
5	0.0408163265306122	0.0612244897959184	0.102040816326531	0.795918367346939
6	0.629032258064516	0.032258064516129	0.32258064516129	0.0161290322580645
7	0.307692307692308	0.205128205128205	0.376068376068376	0.111111111111111
8	0.179487179487179	0.367521367521368	0.239316239316239	0.213675213675214
9	0.198275862068966	0.267241379310345	0.327586206896552	0.206896551724138
10	0.188034188034188	0.307692307692308	0.324786324786325	0.179487179487179
11	0.094017094017094	0.384615384615385	0.230769230769231	0.290598290598291
12	0.0406091370558376	0.319796954314721	0.0456852791878173	0.593908629441624
13	0.801369863013699	0.089041095890411	0.089041095890411	0.0205479452054795
14	0.928571428571429	0.0396825396825397	0.0238095238095238	0.00793650793650794
15	0.0454545454545455	0.0454545454545455	0.0227272727272727	0.886363636363636
16	0.0612244897959184	0.0748299319727891	0.0680272108843537	0.795918367346939
17	0.612068965517241	0.0	0.353448275862069	0.0344827586206897
