Pos	A	C	G	T
1	0.295939435650379	0.259233769213122	0.223445744436797	0.221381050699702
2	0.101949317738791	0.451656920077973	0.0483430799220273	0.398050682261209
3	0.182510148849797	0.0498985115020298	0.737313937753721	0.030277401894452
4	0.0313825275657337	0.924300254452926	0.00720949957591179	0.0371077184054283
5	0.99226041429547	0.0	0.00386979285226497	0.00386979285226497
6	0.0148633879781421	0.0222950819672131	0.0100546448087432	0.952786885245902
7	0.55875781948168	0.415102770330652	0.0261394101876676	0.0
8	0.035321489001692	0.0300338409475465	0.0126903553299492	0.921954314720812
9	0.133208955223881	0.813246268656716	0.032089552238806	0.021455223880597
10	0.989108236895847	0.00181529385069208	0.0090764692534604	0.0
11	0.000229357798165138	0.0	0.0	0.999770642201835
12	0.0125578321216127	0.0209297202026878	0.00616875963868694	0.960343688037013
13	0.946991092765588	0.0	0.0152074733869216	0.0378014338474908
14	0.245239733883918	0.267492544161505	0.199816471667814	0.287451250286763
