Pos	A	C	G	T
1	0.363735070575461	0.38327904451683	0.167209554831705	0.0857763300760043
2	0.73444976076555	0.0422647527910686	0.0709728867623605	0.152312599681021
3	0.174267100977199	0.0179153094462541	0.0578175895765472	0.75
4	0.131886477462437	0.0459098497495826	0.0534223706176962	0.768781302170284
5	0.938837920489297	0.018348623853211	0.0326197757390418	0.0101936799184506
6	0.0328638497652582	0.076056338028169	0.0262910798122066	0.864788732394366
7	0.0333333333333333	0.0	0.852777777777778	0.113888888888889
8	0.0214776632302405	0.791237113402062	0.00687285223367698	0.180412371134021
9	0.696145124716553	0.00755857898715042	0.259259259259259	0.037037037037037
10	0.514387326220498	0.111542192046557	0.0763013255738765	0.297769156159069
11	0.248896734333628	0.103265666372462	0.563989408649603	0.0838481906443072
12	0.127035830618893	0.466883821932682	0.144408251900109	0.261672095548317
