Pos	A	C	G	T
1	0.307211338057524	0.0725302209253856	0.248020008336807	0.372238432680283
2	0.200098692326672	0.105354058721934	0.102886750555144	0.59166049839625
3	0.939287113200157	0.00117508813160987	0.0356443399921661	0.0238934586760674
4	0.0	0.0442407333599043	0.0	0.955759266640096
5	0.0203522504892368	0.00665362035225049	0.938551859099804	0.0344422700587084
6	0.0	0.963052208835341	0.00160642570281125	0.0353413654618474
7	0.0276774969915764	0.00802246289610911	0.961893301243482	0.00240673886883273
8	0.0332559938128384	0.927300850734725	0.00618716163959783	0.0332559938128384
9	0.959967974379504	0.00720576461168935	0.0276220976781425	0.00520416333066453
10	0.0101285547331515	0.0475262952863265	0.00818075574600701	0.934164394234515
11	0.620761066528605	0.0996634739839503	0.0926740874967642	0.186901371990681
12	0.420350291909925	0.257297748123436	0.0558798999165972	0.266472060050042
