Pos	A	C	G	T
1	0.241776315789474	0.241776315789474	0.279605263157895	0.236842105263158
2	0.193312434691745	0.310344827586207	0.171368861024033	0.324973876698015
3	0.260095011876485	0.172209026128266	0.461995249406176	0.105700712589074
4	0.0864864864864865	0.657297297297297	0.0886486486486486	0.167567567567568
5	0.844444444444444	0.0541666666666667	0.0583333333333333	0.0430555555555556
6	0.0771428571428571	0.220952380952381	0.122857142857143	0.579047619047619
7	0.324396782841823	0.490616621983914	0.164879356568365	0.0201072386058981
8	0.12221041445271	0.137088204038257	0.0945802337938363	0.646121147715197
9	0.215320910973085	0.629399585921325	0.0869565217391304	0.0683229813664596
10	0.90881913303438	0.0134529147982063	0.0597907324364723	0.0179372197309417
11	0.00815660685154975	0.0	0.0	0.99184339314845
12	0.0301783264746228	0.113854595336077	0.0219478737997256	0.834019204389575
13	0.673311184939092	0.0686600221483942	0.104097452934662	0.153931339977852
14	0.201970443349754	0.288998357963875	0.206896551724138	0.302134646962233
