Pos	A	C	G	T
1	0.424779	0.327434	0.159292	0.088496
2	0.849558	0.035398	0.088496	0.026549
3	0.827434	0.017699	0.053097	0.10177
4	0.017699	0.0	0.982301	0.0
5	0.123894	0.0	0.876106	0.0
6	0.013274	0.00885	0.946903	0.030973
7	0.017699	0.022124	0.960177	0.0
8	0.137168	0.070796	0.0	0.792035
9	0.053097	0.0	0.938053	0.00885
10	0.004425	0.004425	0.986726	0.004425
11	0.99115	0.00885	0.0	0.0
12	0.022124	0.880531	0.070796	0.026549
13	0.061947	0.075221	0.061947	0.800885
14	0.084071	0.061947	0.827434	0.026549
15	0.057522	0.070796	0.057522	0.814159
