Pos	A	C	G	T
1	0.237323	0.235294	0.36714	0.160243
2	0.141988	0.068966	0.68357	0.105477
3	0.310345	0.030426	0.630832	0.028398
4	0.180527	0.322515	0.097363	0.399594
5	0.0	0.176471	0.651116	0.172414
6	0.302231	0.663286	0.022312	0.01217
7	0.028398	0.146045	0.040568	0.78499
8	0.174442	0.008114	0.68357	0.133874
9	0.0	0.0	1.0	0.0
10	1.0	0.0	0.0	0.0
11	0.0	0.0	1.0	0.0
12	0.11359	0.79716	0.056795	0.032454
13	0.131846	0.551724	0.131846	0.184584
14	0.245436	0.180527	0.452333	0.121704
15	0.11359	0.292089	0.488844	0.105477
