Pos	A	C	G	T
1	0.320463	0.061776	0.46332	0.15444
2	0.166023	0.073359	0.710425	0.050193
3	0.30888	0.247104	0.196911	0.247104
4	0.471042	0.138996	0.355212	0.034749
5	0.069498	0.795367	0.11583	0.019305
6	0.625483	0.274131	0.050193	0.050193
7	0.46332	0.007722	0.474903	0.054054
8	0.015444	0.976834	0.003861	0.003861
9	0.818533	0.104247	0.034749	0.042471
10	0.177606	0.03861	0.72973	0.054054
11	0.0	0.216216	0.127413	0.656371
12	0.023166	0.965251	0.0	0.011583
13	0.015444	0.710425	0.177606	0.096525
14	0.185328	0.054054	0.3861	0.374517
15	0.254826	0.19305	0.42471	0.127413
16	0.239382	0.598456	0.123552	0.03861
17	0.718147	0.111969	0.146718	0.023166
18	0.359073	0.366795	0.250965	0.023166
19	0.015444	0.984556	0.0	0.0
20	0.034749	0.942085	0.015444	0.007722
21	0.355212	0.220077	0.15444	0.27027
