Pos	A	C	G	T
1	0.143811	0.537015	0.240898	0.0782767
2	0.634102	0.0734223	0.274879	0.0175971
3	0.634102	0.20449	0.0637136	0.0976942
4	0.279733	0.296723	0.371966	0.0515777
5	0.995752	0.000606796	0.00303398	0.000606796
6	0.000606796	0.00303398	0.000606796	0.995752
7	0.000606796	0.000606796	0.99818	0.000606796
8	0.000606796	0.00303398	0.990898	0.00546117
9	0.0370146	0.942354	0.000606796	0.0200243
10	0.0200243	0.180218	0.6875	0.112257
11	0.0612864	0.104976	0.777306	0.056432
12	0.121966	0.760316	0.0782767	0.0394417
