Pos	A	C	G	T
1	0.260309	0.208763	0.39433	0.136598
2	0.121134	0.092784	0.698454	0.087629
3	0.298969	0.072165	0.597938	0.030928
4	0.213918	0.298969	0.064433	0.42268
5	0.018041	0.177835	0.652062	0.152062
6	0.270619	0.68299	0.036082	0.010309
7	0.020619	0.152062	0.012887	0.814433
8	0.170103	0.012887	0.690722	0.126289
9	0.0	0.0	1.0	0.0
10	1.0	0.0	0.0	0.0
11	0.0	0.0	0.994845	0.005155
12	0.134021	0.811856	0.03866	0.015464
13	0.10567	0.597938	0.108247	0.188144
14	0.262887	0.157216	0.384021	0.195876
15	0.134021	0.306701	0.409794	0.149485
