Pos	A	C	G	T
1	0.259259	0.212963	0.388889	0.138889
2	0.351852	0.111111	0.444444	0.092593
3	0.101852	0.324074	0.435185	0.138889
4	0.342593	0.111111	0.361111	0.185185
5	0.231481	0.037037	0.694444	0.037037
6	0.009259	0.0	0.953704	0.037037
7	0.0	0.0	1.0	0.0
8	1.0	0.0	0.0	0.0
9	0.0	0.0	1.0	0.0
10	0.0	0.62963	0.37037	0.0
11	0.990741	0.009259	0.0	0.0
12	0.0	0.731481	0.268519	0.0
13	0.046296	0.259259	0.305556	0.388889
14	0.166667	0.259259	0.481481	0.092593
15	0.388889	0.268519	0.046296	0.296296
16	0.138889	0.305556	0.407407	0.148148
17	0.287037	0.231481	0.342593	0.138889
18	0.222222	0.240741	0.361111	0.175926
19	0.231481	0.203704	0.425926	0.138889
20	0.212963	0.296296	0.37037	0.12037
21	0.388889	0.12037	0.398148	0.092593
