Pos	A	C	G	T
1	0.53692	0.119198	0.161392	0.182489
2	0.275316	0.258439	0.157173	0.309072
3	0.693038	0.0981013	0.0938819	0.114979
4	0.5327	0.0474684	0.0685654	0.351266
5	0.469409	0.0263713	0.469409	0.0348101
6	0.279536	0.228903	0.0896624	0.401899
7	0.74789	0.127637	0.0601266	0.064346
8	0.916667	0.0348101	0.0390295	0.00949367
9	0.937764	0.0305907	0.0179325	0.0137131
10	0.477848	0.148734	0.363924	0.00949367
11	0.667722	0.0179325	0.165612	0.148734
12	0.0812236	0.0812236	0.705696	0.131857
13	0.157173	0.494726	0.0938819	0.254219
14	0.427215	0.212025	0.0981013	0.262658
15	0.368143	0.304852	0.190928	0.136076
16	0.25	0.313291	0.119198	0.317511
17	0.220464	0.292194	0.245781	0.241561
18	0.448312	0.102321	0.228903	0.220464
19	0.254219	0.271097	0.283755	0.190928
20	0.545359	0.123418	0.186709	0.144515
21	0.650844	0.0305907	0.233122	0.085443
22	0.595992	0.0812236	0.186709	0.136076
23	0.313291	0.309072	0.0727848	0.304852
24	0.625527	0.287975	0.0601266	0.0263713
25	0.9673	0.00105485	0.00105485	0.0305907
26	0.781646	0.064346	0.10654	0.0474684
27	0.224684	0.351266	0.165612	0.258439
28	0.853376	0.0263713	0.085443	0.0348101
29	0.882911	0.0305907	0.0601266	0.0263713
30	0.389241	0.199367	0.300633	0.110759
