Pos	A	C	G	T
1	0.145969	0.220044	0.494553	0.139434
2	0.093682	0.200436	0.590414	0.115468
3	0.217865	0.276688	0.389978	0.115468
4	0.311547	0.233115	0.28976	0.165577
5	0.213508	0.04793	0.69281	0.045752
6	0.111111	0.006536	0.690632	0.191721
7	0.104575	0.0	0.893246	0.002179
8	0.0	0.0	0.997821	0.002179
9	0.0	0.0	1.0	0.0
10	0.019608	0.688453	0.0	0.291939
11	0.008715	0.045752	0.945534	0.0
12	0.0	0.074074	0.474946	0.45098
13	0.074074	0.013072	0.873638	0.039216
14	0.100218	0.065359	0.642702	0.191721
15	0.102397	0.662309	0.178649	0.056645
