Pos	A	C	G	T
1	0.038136	0.830508	0.004237	0.127119
2	0.686441	0.120763	0.072034	0.120763
3	0.875	0.029661	0.059322	0.036017
4	0.103814	0.010593	0.866525	0.019068
5	0.919492	0.027542	0.038136	0.014831
6	0.957627	0.008475	0.016949	0.016949
7	0.004237	0.023305	0.008475	0.963983
8	0.491525	0.07839	0.04661	0.383475
9	0.016949	0.790254	0.044492	0.148305
10	0.008475	0.048729	0.006356	0.936441
11	0.65678	0.006356	0.262712	0.074153
12	0.029661	0.040254	0.014831	0.915254
13	0.881356	0.012712	0.097458	0.008475
14	0.03178	0.444915	0.008475	0.514831
15	0.027542	0.809322	0.048729	0.114407
16	0.036017	0.860169	0.0	0.103814
17	0.932203	0.002119	0.050847	0.014831
18	0.091102	0.03178	0.855932	0.021186
