Pos	A	C	G	T
1	0.846715	0.0	0.091241	0.062044
2	0.032847	0.277372	0.058394	0.631387
3	0.828467	0.029197	0.142336	0.0
4	0.029197	0.127737	0.010949	0.832117
5	0.941606	0.0	0.058394	0.0
6	0.054745	0.175182	0.018248	0.751825
7	0.956204	0.0	0.043796	0.0
8	0.0	0.273723	0.0	0.726277
9	0.890511	0.007299	0.076642	0.025547
10	0.040146	0.423358	0.0	0.536496
11	0.974453	0.014599	0.007299	0.00365
12	0.0	0.551095	0.047445	0.40146
13	0.967153	0.029197	0.00365	0.0
14	0.0	0.441606	0.0	0.558394
15	0.879562	0.0	0.083942	0.036496
16	0.00365	0.237226	0.007299	0.751825
17	0.916058	0.010949	0.072993	0.0
18	0.0	0.361314	0.040146	0.59854
19	0.886861	0.010949	0.072993	0.029197
20	0.025547	0.346715	0.040146	0.587591
21	0.821168	0.025547	0.105839	0.047445
22	0.036496	0.452555	0.0	0.510949
23	0.832117	0.062044	0.062044	0.043796
24	0.036496	0.39781	0.032847	0.532847
