Pos	A	C	G	T
1	0.170683	0.032129	0.690763	0.106426
2	0.283133	0.008032	0.708835	0.0
3	0.0	0.0	1.0	0.0
4	0.006024	0.002008	0.991968	0.0
5	0.222892	0.588353	0.0	0.188755
6	0.0	0.0	1.0	0.0
7	0.0	0.03012	0.88755	0.082329
8	0.417671	0.012048	0.475904	0.094378
9	0.120482	0.0	0.853414	0.026104
10	0.192771	0.461847	0.248996	0.096386
11	0.24498	0.361446	0.230924	0.162651
12	0.150602	0.088353	0.624498	0.136546
13	0.172691	0.054217	0.708835	0.064257
14	0.14257	0.178715	0.640562	0.038153
15	0.128514	0.164659	0.65261	0.054217
