Pos	A	C	G	T
1	0.083333	0.0	0.25	0.666667
2	0.166667	0.583333	0.25	0.0
3	0.75	0.25	0.0	0.0
4	0.083333	0.0	0.0	0.916667
5	0.0	0.666667	0.333333	0.0
6	0.5	0.0	0.5	0.0
7	1.0	0.0	0.0	0.0
8	0.083333	0.25	0.666667	0.0
9	0.083333	0.0	0.833333	0.083333
10	0.25	0.083333	0.25	0.416667
11	0.0	0.666667	0.333333	0.0
12	0.0	1.0	0.0	0.0
13	0.0	0.25	0.083333	0.666667
14	0.083333	0.666667	0.0	0.25
15	1.0	0.0	0.0	0.0
16	0.666667	0.166667	0.0	0.166667
17	0.416667	0.166667	0.416667	0.0
18	0.833333	0.0	0.166667	0.0
19	0.833333	0.083333	0.083333	0.0
20	0.0	0.25	0.583333	0.166667
